0.0 0.0 -271.05194091796875 -268.2904052734375 -409.8135986328125 -111.76315307617188 
0.0 0.0 -271.05194091796875 -268.2904052734375 -409.8135986328125 -111.76315307617188 
0.0 0.0 -271.05194091796875 -268.2904052734375 -409.8135986328125 -111.76315307617188 
0.0 0.0 -271.05194091796875 -268.2904052734375 -409.8135986328125 -111.76315307617188 
0.0 0.0 -271.05194091796875 -268.2904052734375 -409.8135986328125 -111.76315307617188 
0.0 0.0 -271.05194091796875 -268.2904052734375 -409.8135986328125 -111.76315307617188 
0.0 0.0 -271.05194091796875 -268.2904052734375 -409.8135986328125 -111.76315307617188 
0.0 0.0 -271.05194091796875 -268.2904052734375 -409.8135986328125 -111.76315307617188 
0.0 0.0 -271.05194091796875 -268.2904052734375 -409.8135986328125 -111.76315307617188 
0.0 0.0 -271.05194091796875 -268.2904052734375 -409.8135986328125 -111.76315307617188 
0.0 0.0 -271.05194091796875 -268.2904052734375 -409.8135986328125 -111.76315307617188 
0.0 0.0 -271.05194091796875 -268.2904052734375 -409.8135986328125 -111.76315307617188 
0.0 0.0 -271.05194091796875 -268.2904052734375 -409.8135986328125 -111.76315307617188 
0.0 0.0 -271.05194091796875 -268.2904052734375 -409.8135986328125 -111.76315307617188 
0.0 0.0 -271.05194091796875 -268.2904052734375 -409.8135986328125 -111.76315307617188 
0.0 0.0 -271.05194091796875 -268.2904052734375 -409.8135986328125 -111.76315307617188 
0.0 0.0 -271.05194091796875 -268.2904052734375 -409.8135986328125 -111.76315307617188 
0.0 0.0 -271.05194091796875 -268.2904052734375 -409.8135986328125 -111.76315307617188 
0.0 0.0 -271.05194091796875 -268.2904052734375 -409.8135986328125 -111.76315307617188 
0.0 0.0 -271.05194091796875 -268.2904052734375 -409.8135986328125 -111.76315307617188 
0.0 0.0 -271.05194091796875 -268.2904052734375 -409.8135986328125 -111.76315307617188 
0.0 0.0 -271.05194091796875 -268.2904052734375 -409.8135986328125 -111.76315307617188 
0.0 0.0 -271.05194091796875 -268.2904052734375 -409.8135986328125 -111.76315307617188 
0.0 0.0 -271.05194091796875 -268.2904052734375 -409.8135986328125 -111.76315307617188 
0.0 0.0 -271.05194091796875 -268.2904052734375 -409.8135986328125 -111.76315307617188 
0.0 0.0 -271.05194091796875 -268.2904052734375 -409.8135986328125 -111.76315307617188 
0.0 0.0 -271.05194091796875 -268.2904052734375 -409.8135986328125 -111.76315307617188 
0.0 0.0 -271.05194091796875 -268.2904052734375 -409.8135986328125 -111.76315307617188 
0.0 0.0 -271.05194091796875 -268.2904052734375 -409.8135986328125 -111.76315307617188 
0.0 0.0 -271.05194091796875 -268.2904052734375 -409.8135986328125 -111.76315307617188 
0.0 0.0 -271.05194091796875 -268.2904052734375 -409.8135986328125 -111.76315307617188 
0.0 0.0 -271.05194091796875 -268.2904052734375 -409.8135986328125 -111.76315307617188 
0.0 0.0 -271.05194091796875 -268.2904052734375 -409.8135986328125 -111.76315307617188 
0.0 0.0 -271.05194091796875 -268.2904052734375 -409.8135986328125 -111.76315307617188 
0.0 0.0 -271.05194091796875 -268.2904052734375 -409.8135986328125 -111.76315307617188 
0.0 0.0 -271.05194091796875 -268.2904052734375 -409.8135986328125 -111.76315307617188 
0.0 0.0 -271.05194091796875 -268.2904052734375 -409.8135986328125 -111.76315307617188 
0.0 0.0 -271.05194091796875 -268.2904052734375 -409.8135986328125 -111.76315307617188 
0.0 0.0 -271.05194091796875 -268.2904052734375 -409.8135986328125 -111.76315307617188 
0.0 0.0 -271.05194091796875 -268.2904052734375 -409.8135986328125 -111.76315307617188 
0.0 0.0 -271.05194091796875 -268.2904052734375 -409.8135986328125 -111.76315307617188 
0.0 0.0 -271.05194091796875 -268.2904052734375 -409.8135986328125 -111.76315307617188 
0.0 0.0 -271.05194091796875 -268.2904052734375 -409.8135986328125 -111.76315307617188 
0.0 0.0 -271.05194091796875 -268.2904052734375 -409.8135986328125 -111.76315307617188 
0.0 0.0 -271.05194091796875 -268.2904052734375 -409.8135986328125 -111.76315307617188 
0.0 0.0 -271.05194091796875 -268.2904052734375 -409.8135986328125 -111.76315307617188 
0.0 0.0 -271.05194091796875 -268.2904052734375 -409.8135986328125 -111.76315307617188 
0.0 0.0 -271.05194091796875 -268.2904052734375 -409.8135986328125 -111.76315307617188 
0.0 0.0 -271.05194091796875 -268.2904052734375 -409.8135986328125 -111.76315307617188 
0.0 0.0 -271.05194091796875 -268.2904052734375 -409.8135986328125 -111.76315307617188 
0.0 0.0 -271.05194091796875 -268.2904052734375 -409.8135986328125 -111.76315307617188 
0.0 0.0 -271.05194091796875 -268.2904052734375 -409.8135986328125 -111.76315307617188 
0.0 0.0 -271.05194091796875 -268.2904052734375 -409.8135986328125 -111.76315307617188 
0.0 0.0 -271.05194091796875 -268.2904052734375 -409.8135986328125 -111.76315307617188 
0.0 0.0 -271.05194091796875 -268.2904052734375 -409.8135986328125 -111.76315307617188 
0.0 0.0 -271.05194091796875 -268.2904052734375 -409.8135986328125 -111.76315307617188 
0.0 0.0 -271.05194091796875 -268.2904052734375 -409.8135986328125 -111.76315307617188 
0.0 0.0 -271.05194091796875 -268.2904052734375 -409.8135986328125 -111.76315307617188 
0.0 0.0 -271.05194091796875 -268.2904052734375 -409.8135986328125 -111.76315307617188 
0.0 0.0 -271.05194091796875 -268.2904052734375 -409.8135986328125 -111.76315307617188 
0.0 0.0 -271.05194091796875 -268.2904052734375 -409.8135986328125 -111.76315307617188 
0.0 0.0 -271.05194091796875 -268.2904052734375 -409.8135986328125 -111.76315307617188 
0.0 0.0 -271.05194091796875 -268.2904052734375 -409.8135986328125 -111.76315307617188 
0.0 0.0 -271.05194091796875 -268.2904052734375 -409.8135986328125 -111.76315307617188 
0.0 0.0 -271.05194091796875 -268.2904052734375 -409.8135986328125 -111.76315307617188 
0.0 0.0 -271.05194091796875 -268.2904052734375 -409.8135986328125 -111.76315307617188 
0.0 0.0 -271.05194091796875 -268.2904052734375 -409.8135986328125 -111.76315307617188 
0.0 0.0 -271.05194091796875 -268.2904052734375 -409.8135986328125 -111.76315307617188 
0.0 0.0 -271.05194091796875 -268.2904052734375 -409.8135986328125 -111.76315307617188 
0.0 0.0 -271.05194091796875 -268.2904052734375 -409.8135986328125 -111.76315307617188 
-0.0078125 0.0 -271.05194091796875 -268.2904052734375 -409.8135986328125 -111.76315307617188 
-0.0078125 0.0 -271.05194091796875 -268.2904052734375 -409.8135986328125 -111.76315307617188 
0.0 0.0 -271.05194091796875 -268.2904052734375 -409.8135986328125 -111.76315307617188 
-0.015625 0.0 -271.05194091796875 -268.2904052734375 -409.8135986328125 -111.76315307617188 
-0.015625 0.0 -271.05194091796875 -268.2904052734375 -409.8135986328125 -111.76315307617188 
-0.0703125 0.0 -271.05194091796875 -268.2904052734375 -409.8135986328125 -111.76315307617188 
-0.109375 0.0 -271.05194091796875 -268.2904052734375 -409.8135986328125 -111.76315307617188 
-0.1171875 0.0 -271.05194091796875 -268.2904052734375 -409.8135986328125 -111.76315307617188 
-0.1328125 0.0 -271.05194091796875 -268.2904052734375 -409.8135986328125 -111.76315307617188 
-0.1328125 0.0 -271.05194091796875 -268.2904052734375 -409.8135986328125 -111.76315307617188 
-0.140625 0.0 -271.05194091796875 -268.2904052734375 -409.8135986328125 -111.76315307617188 
-0.140625 0.0 -271.05194091796875 -268.2904052734375 -409.8135986328125 -111.76315307617188 
-0.1484375 0.0 -271.05194091796875 -268.314208984375 -409.8135986328125 -111.76315307617188 
-0.15625 0.0 -271.05194091796875 -268.314208984375 -409.8374328613281 -111.76315307617188 
-0.15625 0.0 -271.07574462890625 -268.314208984375 -409.8374328613281 -111.76315307617188 
-0.1796875 0.0 -271.07574462890625 -268.314208984375 -409.8374328613281 -111.76315307617188 
-0.1875 0.0 -271.07574462890625 -268.314208984375 -409.8374328613281 -111.76315307617188 
-0.1875 0.0 -271.07574462890625 -268.314208984375 -409.8612365722656 -111.76315307617188 
-0.21875 0.0 -271.09954833984375 -268.314208984375 -409.8612365722656 -111.76315307617188 
-0.2265625 0.0 -271.12335205078125 -268.3380126953125 -409.88507080078125 -111.76315307617188 
-0.2421875 0.0 -271.14715576171875 -268.3380126953125 -409.9089050292969 -111.78695678710938 
-0.2578125 0.0 -271.17095947265625 -268.36181640625 -409.9327392578125 -111.8107681274414 
-0.2578125 0.0 -271.19476318359375 -268.3856201171875 -409.9327392578125 -111.8345718383789 
-0.2890625 0.0 -271.2185974121094 -268.409423828125 -409.9327392578125 -111.85838317871094 
-0.2890625 0.0 -271.2424011230469 -268.409423828125 -409.9565734863281 -111.88218688964844 
-0.2890625 0.0 -271.2662048339844 -268.4332275390625 -409.9803771972656 -111.90599060058594 
-0.296875 0.0 -271.2900085449219 -268.45703125 -410.00421142578125 -111.92980194091797 
-0.3046875 0.0 -271.3138122558594 -268.4808349609375 -410.0280456542969 -111.95360565185547 
-0.3125 0.0 -271.3614196777344 -268.5284423828125 -410.0518798828125 -111.97740936279297 
-0.3125 0.0 -271.3852233886719 -268.5522766113281 -410.0995178222656 -112.0250244140625 
-0.3359375 0.0 -271.4328308105469 -268.5998840332031 -410.1471862792969 -112.048828125 
-0.3359375 0.0 -271.4566345214844 -268.6474914550781 -410.1948547363281 -112.09644317626953 
-0.34375 0.0 -271.5042724609375 -268.6950988769531 -410.2186584472656 -112.14405822753906 
-0.34375 0.0 -271.5518798828125 -268.7189025878906 -410.2663269042969 -112.19166564941406 
-0.3359375 0.0 -271.5994873046875 -268.7903137207031 -410.3139953613281 -112.2392807006836 
-0.3359375 0.0 -271.6470947265625 -268.83795166015625 -410.3854675292969 -112.28689575195312 
-0.3359375 0.0 -271.718505859375 -268.88555908203125 -410.4331359863281 -112.35831451416016 
-0.3359375 0.0 -271.7661437988281 -268.93316650390625 -410.5046081542969 -112.40592956542969 
-0.34375 0.0 -271.8137512207031 -269.00457763671875 -410.5522766113281 -112.45353698730469 
-0.3359375 0.0 -271.8851623535156 -269.05218505859375 -410.6237487792969 -112.52495574951172 
-0.3359375 0.0 -271.9327697753906 -269.1236267089844 -410.6952209472656 -112.57257080078125 
-0.34375 0.0 -272.0041809082031 -269.1712341308594 -410.7428894042969 -112.64398956298828 
-0.34375 0.0 -272.05181884765625 -269.2188415527344 -410.8143615722656 -112.69160461425781 
-0.34375 0.0 -272.12322998046875 -269.2902526855469 -410.8620300292969 -112.76302337646484 
-0.34375 0.0 -272.17083740234375 -269.337890625 -410.9335021972656 -112.81063842773438 
-0.34375 0.0 -272.21844482421875 -269.385498046875 -410.9811706542969 -112.8820571899414 
-0.34375 0.0 -272.26605224609375 -269.4569091796875 -411.0526428222656 -112.92967224121094 
-0.359375 0.0 -272.3374938964844 -269.5045166015625 -411.1003112792969 -113.00109100341797 
-0.359375 0.0 -272.3851013183594 -269.5521240234375 -411.1717834472656 -113.04869842529297 
-0.3671875 0.0 -272.4327087402344 -269.6235656738281 -411.2194519042969 -113.1201171875 
-0.3671875 0.0 -272.5041198730469 -269.6711730957031 -411.2909240722656 -113.16773223876953 
-0.3671875 0.0 -272.5517578125 -269.7187805175781 -411.3624267578125 -113.23915100097656 
-0.375 0.0 -272.6231689453125 -269.7901916503906 -411.43389892578125 -113.3105697631836 
-0.390625 0.0 -272.6707763671875 -269.8377990722656 -411.4815673828125 -113.35818481445312 
-0.390625 0.0 -272.7421875 -269.90924072265625 -411.55303955078125 -113.42960357666016 
-0.3984375 0.0 -272.8135986328125 -269.98065185546875 -411.6245422363281 -113.50102233886719 
-0.3984375 0.0 -272.8850402832031 -270.05206298828125 -411.6960144042969 -113.57244110107422 
-0.3984375 0.0 -272.9326477050781 -270.12347412109375 -411.79132080078125 -113.64385986328125 
-0.40625 0.0 -273.0278625488281 -270.1949157714844 -411.8628234863281 -113.73908996582031 
-0.40625 0.0 -273.09930419921875 -270.2663269042969 -411.9581298828125 -113.81050872802734 
-0.40625 0.0 -273.17071533203125 -270.3377380371094 -412.02960205078125 -113.88192749023438 
-0.40625 0.0 -273.26593017578125 -270.4091796875 -412.1249084472656 -113.9771499633789 
-0.40625 0.0 -273.33734130859375 -270.50439453125 -412.2202453613281 -114.07238006591797 
-0.40625 0.0 -273.4325866699219 -270.5758056640625 -412.2917175292969 -114.143798828125 
-0.40625 0.0 -273.5039978027344 -270.647216796875 -412.38702392578125 -114.23902130126953 
-0.40625 0.0 -273.5992126464844 -270.7424621582031 -412.4823303222656 -114.31044006347656 
-0.40625 0.0 -273.670654296875 -270.8376770019531 -412.5776672363281 -114.40567016601562 
-0.40625 0.0 -273.765869140625 -270.9090881347656 -412.6491394042969 -114.50089263916016 
-0.40625 0.0 -273.8372802734375 -271.00433349609375 -412.74444580078125 -114.57231140136719 
-0.4140625 0.0 -273.9325256347656 -271.07574462890625 -412.8397521972656 -114.66753387451172 
-0.4140625 0.0 -274.0277404785156 -271.17095947265625 -412.9350891113281 -114.76276397705078 
-0.4140625 0.0 -274.0991516113281 -271.2424011230469 -413.0303955078125 -114.83418273925781 
-0.4140625 0.0 -274.19439697265625 -271.3376159667969 -413.1257019042969 -114.92940521240234 
-0.4140625 0.0 -274.28961181640625 -271.4328308105469 -413.22100830078125 -115.0246353149414 
-0.4140625 0.0 -274.36102294921875 -271.5042724609375 -413.3163146972656 -115.11985778808594 
-0.421875 0.0 -274.4562683105469 -271.5994873046875 -413.4116516113281 -115.215087890625 
-0.4296875 0.0 -274.5276794433594 -271.6947021484375 -413.5069580078125 -115.28650665283203 
-0.4375 0.0 -274.6228942871094 -271.7661437988281 -413.6022644042969 -115.38172912597656 
-0.4453125 0.0 -274.7181396484375 -271.8613586425781 -413.69757080078125 -115.50076293945312 
-0.4375 0.0 -274.8133544921875 -271.9565734863281 -413.7928771972656 -115.59598541259766 
-0.453125 0.0 -274.9085693359375 -272.05181884765625 -413.9120178222656 -115.69121551513672 
-0.453125 0.0 -275.0038146972656 -272.14703369140625 -414.0073547363281 -115.81024932861328 
-0.4765625 0.0 -275.0990295410156 -272.24224853515625 -414.1264953613281 -115.90547180175781 
-0.4765625 0.0 -275.1942443847656 -272.3374938964844 -414.2218017578125 -116.02450561523438 
-0.46875 0.0 -275.31329345703125 -272.4327087402344 -414.3409423828125 -116.14353942871094 
-0.4765625 0.0 -275.43231201171875 -272.5517578125 -414.4600830078125 -116.26256561279297 
-0.4765625 0.0 -275.5275573730469 -272.64697265625 -414.5792236328125 -116.35779571533203 
-0.4765625 0.0 -275.6465759277344 -272.7659912109375 -414.6983642578125 -116.4768295288086 
-0.4765625 0.0 -275.765625 -272.8850402832031 -414.8413391113281 -116.59585571289062 
-0.46875 0.0 -275.8846435546875 -272.9802551269531 -414.9604797363281 -116.71488952636719 
-0.46875 0.0 -276.003662109375 -273.09930419921875 -415.0796203613281 -116.83392333984375 
-0.46875 0.0 -276.1227111816406 -273.21832275390625 -415.1987609863281 -116.97676086425781 
-0.46875 0.0 -276.2417297363281 -273.33734130859375 -415.3417053222656 -117.07198333740234 
-0.4765625 0.0 -276.36077880859375 -273.4563903808594 -415.4608459472656 -117.1910171508789 
-0.4765625 0.0 -276.47979736328125 -273.5754089355469 -415.5799865722656 -117.31005096435547 
-0.4765625 0.0 -276.5988464355469 -273.6944580078125 -415.72296142578125 -117.45288848876953 
-0.4765625 0.0 -276.7178649902344 -273.8134765625 -415.84210205078125 -117.5719223022461 
-0.4765625 0.0 -276.8369140625 -273.9087219238281 -415.96124267578125 -117.69095611572266 
-0.4765625 0.0 -276.9559326171875 -274.0277404785156 -416.1042175292969 -117.80998229980469 
-0.484375 0.0 -277.074951171875 -274.17059326171875 -416.2471923828125 -117.92901611328125 
-0.484375 0.0 -277.1940002441406 -274.26580810546875 -416.3663330078125 -118.07185363769531 
-0.484375 0.0 -277.3130187988281 -274.38482666015625 -416.4854736328125 -118.19088745117188 
-0.484375 0.0 -277.43206787109375 -274.5038757324219 -416.6046142578125 -118.30992126464844 
-0.484375 0.0 -277.55108642578125 -274.6228942871094 -416.7475891113281 -118.4527587890625 
-0.484375 0.0 -277.6701354980469 -274.741943359375 -416.8905334472656 -118.57179260253906 
-0.4921875 0.0 -277.7891540527344 -274.884765625 -417.03350830078125 -118.69082641601562 
-0.4921875 0.0 -277.9320068359375 -275.0038146972656 -417.15264892578125 -118.83366394042969 
-0.484375 0.0 -278.051025390625 -275.1228332519531 -417.2956237792969 -118.95269012451172 
-0.484375 0.0 -278.1700439453125 -275.24188232421875 -417.4385986328125 -119.09553527832031 
-0.484375 0.0 -278.2890930175781 -275.36090087890625 -417.5815734863281 -119.21456146240234 
-0.4921875 0.0 -278.4081115722656 -275.47991943359375 -417.7007141113281 -119.3335952758789 
-0.4921875 0.0 -278.55096435546875 -275.5989685058594 -417.8436584472656 -119.47643280029297 
-0.5078125 0.0 -278.66998291015625 -275.7179870605469 -417.98663330078125 -119.59546661376953 
-0.515625 0.0 -278.7890319824219 -275.8370361328125 -418.10577392578125 -119.7383041381836 
-0.515625 0.0 -278.9318542480469 -275.9798583984375 -418.2487487792969 -119.88114166259766 
-0.5234375 0.0 -279.07470703125 -276.0989074707031 -418.4155578613281 -120.02397918701172 
-0.5546875 0.0 -279.1937255859375 -276.2417297363281 -418.5585021972656 -120.16682434082031 
-0.5703125 0.0 -279.3365783691406 -276.38458251953125 -418.70147705078125 -120.30966186523438 
-0.59375 0.0 -279.4794006347656 -276.52740478515625 -418.8682861328125 -120.45249938964844 
-0.59375 0.0 -279.64605712890625 -276.6702575683594 -419.0350646972656 -120.619140625 
-0.59375 0.0 -279.8127136230469 -276.8369140625 -419.2018737792969 -120.7857894897461 
-0.609375 0.0 -279.9793395996094 -277.0035400390625 -419.3686828613281 -120.97624206542969 
-0.609375 0.0 -280.14599609375 -277.1701965332031 -419.5592956542969 -121.16669464111328 
-0.625 0.0 -280.3364562988281 -277.3606262207031 -419.7499084472656 -121.35713958740234 
-0.640625 0.0 -280.5268859863281 -277.55108642578125 -419.9643859863281 -121.54759216308594 
-0.640625 0.0 -280.74114990234375 -277.7415466308594 -420.1549987792969 -121.73804473876953 
-0.640625 0.0 -280.9554138183594 -277.9320068359375 -420.3932800292969 -121.97611236572266 
-0.640625 0.0 -281.169677734375 -278.146240234375 -420.60772705078125 -122.19036865234375 
-0.65625 0.0 -281.3839111328125 -278.3605041503906 -420.8221740722656 -122.40462493896484 
-0.6640625 0.0 -281.5981750488281 -278.57476806640625 -421.0604553222656 -122.64269256591797 
-0.6796875 0.0 -281.83624267578125 -278.7890319824219 -421.2987365722656 -122.88075256347656 
-0.6640625 0.0 -282.0743103027344 -279.027099609375 -421.5370178222656 -123.11882019042969 
-0.6640625 0.0 -282.3123779296875 -279.2651672363281 -421.79913330078125 -123.35688018798828 
-0.671875 0.0 -282.5504455566406 -279.5032043457031 -422.0612487792969 -123.6187515258789 
-0.6796875 0.0 -282.78851318359375 -279.71746826171875 -422.2995300292969 -123.85681915283203 
-0.6796875 0.0 -283.0265808105469 -279.9793395996094 -422.5616455078125 -124.09487915039062 
-0.6640625 0.0 -283.2884521484375 -280.2174072265625 -422.8475646972656 -124.35675048828125 
-0.6328125 0.0 -283.5264892578125 -280.4554748535156 -423.10968017578125 -124.61862182617188 
-0.6328125 0.0 -283.7645568847656 -280.69354248046875 -423.3717956542969 -124.8804931640625 
-0.640625 0.0 -284.00262451171875 -280.9316101074219 -423.6339111328125 -125.0947494506836 
-0.640625 0.0 -284.2406921386719 -281.1458740234375 -423.8483581542969 -125.30900573730469 
-0.640625 0.0 -284.478759765625 -281.3839111328125 -424.0866394042969 -125.54707336425781 
-0.640625 0.0 -284.7168273925781 -281.5981750488281 -424.3487548828125 -125.7613296508789 
-0.6484375 0.0 -284.95489501953125 -281.83624267578125 -424.5870361328125 -125.99939727783203 
-0.65625 0.0 -285.1929626464844 -282.0743103027344 -424.8253173828125 -126.23745727539062 
-0.65625 0.0 -285.4310302734375 -282.28857421875 -425.0874328613281 -126.47552490234375 
-0.65625 0.0 -285.6690673828125 -282.5266418457031 -425.3495178222656 -126.71358489990234 
-0.6640625 0.0 -285.9071350097656 -282.76470947265625 -425.61163330078125 -126.97545623779297 
-0.65625 0.0 -286.14520263671875 -283.0027770996094 -425.8737487792969 -127.2135238647461 
-0.65625 0.0 -286.3594665527344 -283.2408142089844 -426.1358642578125 -127.45158386230469 
-0.65625 0.0 -286.5975341796875 -283.455078125 -426.3741455078125 -127.71345520019531 
-0.6640625 0.0 -286.8356018066406 -283.6931457519531 -426.6362609863281 -127.95152282714844 
-0.6640625 0.0 -287.07366943359375 -283.93121337890625 -426.8983459472656 -128.21339416503906 
-0.6640625 0.0 -287.3117370605469 -284.1692810058594 -427.16046142578125 -128.4514617919922 
-0.6640625 0.0 -287.5259704589844 -284.383544921875 -427.4225769042969 -128.7133331298828 
-0.6640625 0.0 -287.7640380859375 -284.6216125488281 -427.6846923828125 -128.95138549804688 
-0.6640625 0.0 -288.0021057128906 -284.8358459472656 -427.9468078613281 -129.2132568359375 
-0.65625 0.0 -288.24017333984375 -285.07391357421875 -428.2088928222656 -129.45132446289062 
-0.6640625 0.0 -288.4782409667969 -285.3119812011719 -428.47100830078125 -129.71319580078125 
-0.6640625 0.0 -288.71630859375 -285.550048828125 -428.7331237792969 -129.95126342773438 
-0.65625 0.0 -288.9543762207031 -285.7881164550781 -428.9952392578125 -130.213134765625 
-0.65625 0.0 -289.19244384765625 -286.00238037109375 -429.2335205078125 -130.45120239257812 
-0.6640625 0.0 -289.4305114746094 -286.2404479980469 -429.4956359863281 -130.71307373046875 
-0.6640625 0.0 -289.6685485839844 -286.478515625 -429.7577209472656 -130.9511260986328 
-0.671875 0.0 -289.9066162109375 -286.6927490234375 -430.01983642578125 -131.18919372558594 
-0.6640625 0.0 -290.1446838378906 -286.9308166503906 -430.2819519042969 -131.45106506347656 
-0.6640625 0.0 -290.40655517578125 -287.16888427734375 -430.5440673828125 -131.6891326904297 
-0.6640625 0.0 -290.6446228027344 -287.4069519042969 -430.8061828613281 -131.9510040283203 
-0.6640625 0.0 -290.8826904296875 -287.64501953125 -431.0682678222656 -132.21287536621094 
-0.6640625 0.0 -291.1207580566406 -287.8830871582031 -431.3065490722656 -132.45094299316406 
-0.6640625 0.0 -291.35882568359375 -288.12115478515625 -431.56866455078125 -132.68899536132812 
-0.671875 0.0 -291.5968933105469 -288.3592224121094 -431.8307800292969 -132.95086669921875 
-0.671875 0.0 -291.8349609375 -288.5972595214844 -432.0928955078125 -133.21273803710938 
-0.671875 0.0 -292.072998046875 -288.8353271484375 -432.3550109863281 -133.4508056640625 
-0.671875 0.0 -292.3110656738281 -289.0733947753906 -432.64093017578125 -133.71267700195312 
-0.671875 0.0 -292.54913330078125 -289.31146240234375 -432.9030456542969 -133.97454833984375 
-0.671875 0.0 -292.7872009277344 -289.5495300292969 -433.1651611328125 -134.21261596679688 
-0.6640625 0.0 -293.0252685546875 -289.78759765625 -433.4272766113281 -134.4744873046875 
-0.6640625 0.0 -293.2633361816406 -290.0256652832031 -433.6893615722656 -134.71253967285156 
-0.6640625 0.0 -293.50140380859375 -290.26373291015625 -433.95147705078125 -134.9744110107422 
-0.6640625 0.0 -293.7632751464844 -290.5018005371094 -434.2135925292969 -135.2124786376953 
-0.65625 0.0 -294.0013427734375 -290.7398376464844 -434.4757080078125 -135.45054626464844 
-0.6640625 0.0 -294.2394104003906 -290.9779052734375 -434.7378234863281 -135.71241760253906 
-0.65625 0.0 -294.4774475097656 -291.2159729003906 -434.99993896484375 -135.9504852294922 
-0.65625 0.0 -294.71551513671875 -291.43023681640625 -435.23822021484375 -136.2123565673828 
-0.65625 0.0 -294.9535827636719 -291.6683044433594 -435.50030517578125 -136.45040893554688 
-0.6640625 0.0 -295.191650390625 -291.9063720703125 -435.7624206542969 -136.6884765625 
-0.6640625 0.0 -295.4297180175781 -292.1206359863281 -436.0245361328125 -136.92654418945312 
-0.6640625 0.0 -295.66778564453125 -292.3586730957031 -436.2628173828125 -137.16461181640625 
-0.6640625 0.0 -295.9058532714844 -292.59674072265625 -436.5249328613281 -137.42648315429688 
-0.6640625 0.0 -296.1439208984375 -292.8348083496094 -436.78704833984375 -137.66455078125 
-0.6640625 0.0 -296.358154296875 -293.049072265625 -437.04913330078125 -137.92640686035156 
-0.6640625 0.0 -296.5962219238281 -293.2871398925781 -437.3112487792969 -138.1644744873047 
-0.65625 0.0 -296.83428955078125 -293.52520751953125 -437.5733642578125 -138.4263458251953 
-0.65625 0.0 -297.0723571777344 -293.7632751464844 -437.8116455078125 -138.68821716308594 
-0.6484375 0.0 -297.3104248046875 -293.9775390625 -438.0737609863281 -138.92628479003906 
-0.6484375 0.0 -297.5484924316406 -294.215576171875 -438.33587646484375 -139.1643524169922 
-0.65625 0.0 -297.78656005859375 -294.4536437988281 -438.57415771484375 -139.40240478515625 
-0.65625 0.0 -298.0246276855469 -294.66790771484375 -438.83624267578125 -139.64047241210938 
-0.65625 0.0 -298.2388610839844 -294.9059753417969 -439.07452392578125 -139.8785400390625 
-0.65625 0.0 -298.4769287109375 -295.14404296875 -439.3366394042969 -140.11660766601562 
-0.65625 0.0 -298.7149963378906 -295.3821105957031 -439.5987548828125 -140.35467529296875 
-0.65625 0.0 -298.95306396484375 -295.59637451171875 -439.8370361328125 -140.61654663085938 
-0.65625 0.0 -299.1911315917969 -295.83441162109375 -440.0991516113281 -140.85459899902344 
-0.65625 0.0 -299.4053955078125 -296.0724792480469 -440.36126708984375 -141.09266662597656 
-0.65625 0.0 -299.6434631347656 -296.2867431640625 -440.62335205078125 -141.3307342529297 
-0.65625 0.0 -299.88153076171875 -296.5248107910156 -440.8854675292969 -141.5688018798828 
-0.6640625 0.0 -300.11956787109375 -296.73907470703125 -441.1237487792969 -141.83067321777344 
-0.65625 0.0 -300.3576354980469 -296.9771423339844 -441.3858642578125 -142.0687255859375 
-0.6640625 0.0 -300.595703125 -297.2152099609375 -441.6479797363281 -142.30679321289062 
-0.6640625 0.0 -300.8337707519531 -297.429443359375 -441.8862609863281 -142.56866455078125 
-0.6640625 0.0 -301.07183837890625 -297.6675109863281 -442.14837646484375 -142.80673217773438 
-0.65625 0.0 -301.3099060058594 -297.90557861328125 -442.41046142578125 -143.068603515625 
-0.65625 0.0 -301.5479736328125 -298.1198425292969 -442.64874267578125 -143.30667114257812 
-0.6640625 0.0 -301.7860412597656 -298.35791015625 -442.9108581542969 -143.5447235107422 
-0.6640625 0.0 -302.02410888671875 -298.5959777832031 -443.1729736328125 -143.8065948486328 
-0.6640625 0.0 -302.26214599609375 -298.83404541015625 -443.4112548828125 -144.04466247558594 
-0.6640625 0.0 -302.5002136230469 -299.04827880859375 -443.6733703613281 -144.28273010253906 
-0.65625 0.0 -302.73828125 -299.2863464355469 -443.93548583984375 -144.5446014404297 
-0.6640625 0.0 -302.9763488769531 -299.5244140625 -444.19757080078125 -144.7826690673828 
-0.65625 0.0 -303.21441650390625 -299.7624816894531 -444.4596862792969 -145.04454040527344 
-0.6640625 0.0 -303.4762878417969 -300.00054931640625 -444.7218017578125 -145.2825927734375 
-0.65625 0.0 -303.71435546875 -300.2148132324219 -444.9839172363281 -145.52066040039062 
-0.65625 0.0 -303.9524230957031 -300.452880859375 -445.24603271484375 -145.78253173828125 
-0.65625 0.0 -304.19049072265625 -300.6909484863281 -445.50811767578125 -146.02059936523438 
-0.65625 0.0 -304.4285583496094 -300.9289855957031 -445.74639892578125 -146.2586669921875 
-0.65625 0.0 -304.6665954589844 -301.16705322265625 -446.0085144042969 -146.49671936035156 
-0.65625 0.0 -304.9046630859375 -301.4051208496094 -446.2706298828125 -146.7585906982422 
-0.65625 0.0 -305.1427307128906 -301.619384765625 -446.5089111328125 -146.9966583251953 
-0.65625 0.0 -305.38079833984375 -301.8574523925781 -446.7710266113281 -147.23472595214844 
-0.65625 0.0 -305.6188659667969 -302.09552001953125 -447.03314208984375 -147.47279357910156 
-0.65625 0.0 -305.85693359375 -302.3097839355469 -447.29522705078125 -147.7108612060547 
-0.6640625 0.0 -306.0711975097656 -302.5478515625 -447.53350830078125 -147.9727325439453 
-0.6640625 0.0 -306.30926513671875 -302.785888671875 -447.7956237792969 -148.21078491210938 
-0.6640625 0.0 -306.54730224609375 -303.0001525878906 -448.0577392578125 -148.4488525390625 
-0.65625 0.0 -306.7853698730469 -303.23822021484375 -448.3198547363281 -148.71072387695312 
-0.65625 0.0 -307.0234375 -303.4762878417969 -448.58197021484375 -148.94879150390625 
-0.6640625 0.0 -307.2615051269531 -303.6905517578125 -448.84405517578125 -149.21066284179688 
-0.6640625 0.0 -307.49957275390625 -303.9286193847656 -449.08233642578125 -149.44873046875 
-0.6640625 0.0 -307.7138366699219 -304.16668701171875 -449.3444519042969 -149.68678283691406 
-0.6640625 0.0 -307.9757080078125 -304.40472412109375 -449.6065673828125 -149.9486541748047 
-0.6640625 0.0 -308.2137756347656 -304.6427917480469 -449.8686828613281 -150.1867218017578 
-0.6640625 0.0 -308.45184326171875 -304.880859375 -450.13079833984375 -150.44859313964844 
-0.6640625 0.0 -308.68988037109375 -305.1189270019531 -450.39288330078125 -150.68666076660156 
-0.6640625 0.0 -308.9279479980469 -305.35699462890625 -450.6549987792969 -150.9485321044922 
-0.65625 0.0 -309.166015625 -305.5712585449219 -450.9171142578125 -151.1865997314453 
-0.6640625 0.0 -309.4040832519531 -305.809326171875 -451.1792297363281 -151.44845581054688 
-0.65625 0.0 -309.64215087890625 -306.0473937988281 -451.44134521484375 -151.6865234375 
-0.65625 0.0 -309.8802185058594 -306.2854309082031 -451.67962646484375 -151.92459106445312 
-0.65625 0.0 -310.1182861328125 -306.52349853515625 -451.94171142578125 -152.18646240234375 
-0.65625 0.0 -310.3563537597656 -306.7615661621094 -452.2038269042969 -152.42453002929688 
-0.6640625 0.0 -310.59442138671875 -306.9996337890625 -452.4659423828125 -152.66259765625 
-0.6640625 0.0 -310.83245849609375 -307.2138977050781 -452.7042236328125 -152.90065002441406 
-0.6640625 0.0 -311.0705261230469 -307.45196533203125 -452.9663391113281 -153.1387176513672 
-0.6640625 0.0 -311.30859375 -307.6900329589844 -453.22845458984375 -153.4005889892578 
-0.65625 0.0 -311.5466613769531 -307.9281005859375 -453.49053955078125 -153.63865661621094 
-0.65625 0.0 -311.78472900390625 -308.1661682128906 -453.7526550292969 -153.90052795410156 
-0.65625 0.0 -311.9989929199219 -308.4042053222656 -454.0147705078125 -154.1385955810547 
-0.65625 0.0 -312.237060546875 -308.64227294921875 -454.2768859863281 -154.37664794921875 
-0.65625 0.0 -312.4751281738281 -308.8803405761719 -454.53900146484375 -154.63851928710938 
-0.65625 0.0 -312.7131652832031 -309.118408203125 -454.77728271484375 -154.8765869140625 
-0.65625 0.0 -312.95123291015625 -309.3564758300781 -455.03936767578125 -155.11465454101562 
-0.65625 0.0 -313.1654968261719 -309.59454345703125 -455.27764892578125 -155.35272216796875 
-0.6640625 0.0 -313.403564453125 -309.8326110839844 -455.5397644042969 -155.5907745361328 
-0.6640625 0.0 -313.6416320800781 -309.8326110839844 -455.8018798828125 -155.82884216308594 
-0.6640625 0.0 -313.87969970703125 -310.3087463378906 -456.0639953613281 -156.09071350097656 
-0.6640625 0.0 -314.1177673339844 -310.5467834472656 -456.32611083984375 -156.3287811279297 
-0.65625 0.0 -314.3558349609375 -310.76104736328125 -456.58819580078125 -156.5906524658203 
-0.65625 0.0 -314.5939025878906 -310.9991149902344 -456.82647705078125 -156.82872009277344 
-0.65625 0.0 -314.8081359863281 -311.2371826171875 -457.0885925292969 -157.09059143066406 
-0.65625 0.0 -315.07000732421875 -311.4514465332031 -457.3507080078125 -157.32864379882812 
-0.65625 0.0 -315.2842712402344 -311.68951416015625 -457.6128234863281 -157.56671142578125 
-0.6640625 0.0 -315.5223388671875 -311.9275817871094 -457.8511047363281 -157.80477905273438 
-0.6640625 0.0 -315.7604064941406 -312.1656188964844 -458.11322021484375 -158.066650390625 
-0.6640625 0.0 -315.99847412109375 -312.4036865234375 -458.37530517578125 -158.30471801757812 
-0.6640625 0.0 -316.2365417480469 -312.6179504394531 -458.6374206542969 -158.5427703857422 
-0.6640625 0.0 -316.474609375 -312.87982177734375 -458.8995361328125 -158.8046417236328 
-0.6640625 0.0 -316.712646484375 -313.0940856933594 -459.1616516113281 -159.04270935058594 
-0.6640625 0.0 -316.9507141113281 -313.3321533203125 -459.42376708984375 -159.30458068847656 
-0.6640625 0.0 -317.18878173828125 -313.5702209472656 -459.68585205078125 -159.5426483154297 
-0.6640625 0.0 -317.4268493652344 -313.80828857421875 -459.9479675292969 -159.8045196533203 
-0.6640625 0.0 -317.6649169921875 -314.04632568359375 -460.1862487792969 -160.04258728027344 
-0.6640625 0.0 -317.9029846191406 -314.2843933105469 -460.4483642578125 -160.30445861816406 
-0.6640625 0.0 -318.14105224609375 -314.5224609375 -460.7104797363281 -160.54251098632812 
-0.6640625 0.0 -318.3791198730469 -314.7605285644531 -460.97259521484375 -160.78057861328125 
-0.6640625 0.0 -318.6171875 -314.99859619140625 -461.23468017578125 -161.04244995117188 
-0.6640625 0.0 -318.855224609375 -315.2366638183594 -461.4967956542969 -161.280517578125 
-0.6640625 0.0 -319.0932922363281 -315.4747314453125 -461.7589111328125 -161.51858520507812 
-0.6640625 0.0 -319.33135986328125 -315.7127990722656 -462.0210266113281 -161.78045654296875 
-0.6640625 0.0 -319.5456237792969 -315.95086669921875 -462.28314208984375 -162.0185089111328 
-0.6640625 0.0 -319.78369140625 -316.18890380859375 -462.54522705078125 -162.25657653808594 
-0.6640625 0.0 -320.0217590332031 -316.4269714355469 -462.78350830078125 -162.51844787597656 
-0.6640625 0.0 -320.25982666015625 -316.6650390625 -463.0456237792969 -162.7565155029297 
-0.6640625 0.0 -320.4978942871094 -316.9031066894531 -463.3077392578125 -163.0183868408203 
-0.6640625 0.0 -320.7359313964844 -317.14117431640625 -463.5698547363281 -163.25645446777344 
-0.6640625 0.0 -320.997802734375 -317.3554382324219 -463.8081359863281 -163.4945068359375 
-0.6640625 0.0 -321.2120666503906 -317.593505859375 -464.07025146484375 -163.75637817382812 
-0.6640625 0.0 -321.45013427734375 -317.8315734863281 -464.33233642578125 -163.99444580078125 
-0.6640625 0.0 -321.6882019042969 -318.0696105957031 -464.5944519042969 -164.25631713867188 
-0.6640625 0.0 -321.92626953125 -318.30767822265625 -464.8327331542969 -164.494384765625 
-0.6640625 0.0 -322.1881408691406 -318.5457458496094 -465.0948486328125 -164.75625610351562 
-0.6640625 0.0 -322.42620849609375 -318.760009765625 -465.3569641113281 -164.99432373046875 
-0.6640625 0.0 -322.6642761230469 -318.9980773925781 -465.61907958984375 -165.2323760986328 
-0.6640625 0.0 -322.90234375 -319.23614501953125 -465.85736083984375 -165.49424743652344 
-0.6640625 0.0 -323.140380859375 -319.4742126464844 -466.11944580078125 -165.73231506347656 
-0.6640625 0.0 -323.3784484863281 -319.7122802734375 -466.3815612792969 -165.9941864013672 
-0.6640625 0.0 -323.61651611328125 -319.9503479003906 -466.6436767578125 -166.2322540283203 
-0.6640625 0.0 -323.8545837402344 -320.1645812988281 -466.9057922363281 -166.49412536621094 
-0.6640625 0.0 -324.0926513671875 -320.40264892578125 -467.16790771484375 -166.73219299316406 
-0.6640625 0.0 -324.3307189941406 -320.6407165527344 -467.42999267578125 -166.97024536132812 
-0.6640625 0.0 -324.56878662109375 -320.8787841796875 -467.6921081542969 -167.23211669921875 
-0.6640625 0.0 -324.8068542480469 -321.1168518066406 -467.9542236328125 -167.47018432617188 
-0.6640625 0.0 -325.0687255859375 -321.35491943359375 -468.2163391113281 -167.7320556640625 
-0.6640625 0.0 -325.3067932128906 -321.5929870605469 -468.47845458984375 -167.97012329101562 
-0.6640625 0.0 -325.5448303222656 -321.8310546875 -468.74053955078125 -168.23199462890625 
-0.6640625 0.0 -325.78289794921875 -322.069091796875 -469.0026550292969 -168.47006225585938 
-0.6640625 0.0 -326.0209655761719 -322.3071594238281 -469.2647705078125 -168.73193359375 
-0.6640625 0.0 -326.259033203125 -322.54522705078125 -469.5268859863281 -168.96998596191406 
-0.6640625 0.0 -326.4971008300781 -322.7594909667969 -469.7651672363281 -169.2080535888672 
-0.6640625 0.0 -326.73516845703125 -323.0213623046875 -470.02728271484375 -169.4699249267578 
-0.6640625 0.0 -326.9970397949219 -323.2594299316406 -470.28936767578125 -169.70799255371094 
-0.6640625 0.0 -327.235107421875 -323.49749755859375 -470.5514831542969 -169.96986389160156 
-0.6640625 0.0 -327.4731750488281 -323.7355651855469 -470.8135986328125 -170.2079315185547 
-0.6640625 0.0 -327.71124267578125 -323.9736328125 -471.0757141113281 -170.4698028564453 
-0.6640625 0.0 -327.94927978515625 -324.211669921875 -471.33782958984375 -170.70785522460938 
-0.6640625 0.0 -328.1873474121094 -324.4497375488281 -471.59991455078125 -170.9697265625 
-0.6640625 0.0 -328.4254150390625 -324.68780517578125 -471.8620300292969 -171.20779418945312 
-0.6640625 0.0 -328.6872863769531 -324.9258728027344 -472.1241455078125 -171.46966552734375 
-0.6640625 0.0 -328.92535400390625 -325.1639404296875 -472.41009521484375 -171.70773315429688 
-0.6640625 0.0 -329.1634216308594 -325.4020080566406 -472.67218017578125 -171.9696044921875 
-0.6640625 0.0 -329.4014892578125 -325.64007568359375 -472.9342956542969 -172.23147583007812 
-0.6640625 0.0 -329.6395568847656 -325.8781433105469 -473.1964111328125 -172.4695281982422 
-0.6640625 0.0 -329.90142822265625 -326.1162109375 -473.4585266113281 -172.7313995361328 
-0.6640625 0.0 -330.1394958496094 -326.354248046875 -473.72064208984375 -172.96946716308594 
-0.671875 0.0 -330.3775329589844 -326.5923156738281 -473.98272705078125 -173.23133850097656 
-0.671875 0.0 -330.6156005859375 -326.83038330078125 -474.2448425292969 -173.4694061279297 
-0.671875 0.0 -330.8774719238281 -327.0684509277344 -474.5069580078125 -173.7312774658203 
-0.6640625 0.0 -331.11553955078125 -327.3065185546875 -474.7690734863281 -173.99314880371094 
-0.6640625 0.0 -331.3536071777344 -327.5445861816406 -475.03118896484375 -174.25502014160156 
-0.6640625 0.0 -331.5916748046875 -327.78265380859375 -475.3171081542969 -174.4930877685547 
-0.6640625 0.0 -331.8297424316406 -327.9969177246094 -475.5792236328125 -174.7549591064453 
-0.6640625 0.0 -332.06781005859375 -328.2349548339844 -475.8413391113281 -174.99301147460938 
-0.6640625 0.0 -332.3058776855469 -328.4730224609375 -476.10345458984375 -175.2310791015625 
-0.6640625 0.0 -332.5439453125 -328.7110900878906 -476.34173583984375 -175.49295043945312 
-0.6640625 0.0 -332.781982421875 -328.94915771484375 -476.60382080078125 -175.73101806640625 
-0.6640625 0.0 -333.0200500488281 -329.1872253417969 -476.8659362792969 -175.99288940429688 
-0.671875 0.0 -333.25811767578125 -329.42529296875 -477.1280517578125 -176.23095703125 
-0.6640625 0.0 -333.4961853027344 -329.6633605957031 -477.3901672363281 -176.49282836914062 
-0.6640625 0.0 -333.7342529296875 -329.90142822265625 -477.65228271484375 -176.7308807373047 
-0.6640625 0.0 -333.9961242675781 -330.1632995605469 -477.91436767578125 -176.9927520751953 
-0.6640625 0.0 -334.23419189453125 -330.4013671875 -478.1764831542969 -177.23081970214844 
-0.6640625 0.0 -334.4722595214844 -330.639404296875 -478.4385986328125 -177.49269104003906 
-0.6640625 0.0 -334.7103271484375 -330.8774719238281 -478.7007141113281 -177.7545623779297 
-0.671875 0.0 -334.9721984863281 -331.11553955078125 -478.96282958984375 -177.9926300048828 
-0.671875 0.0 -335.21026611328125 -331.3536071777344 -479.22491455078125 -178.25450134277344 
-0.6640625 0.0 -335.44830322265625 -331.5916748046875 -479.4870300292969 -178.51637268066406 
-0.6640625 0.0 -335.7101745605469 -331.8297424316406 -479.7729797363281 -178.75442504882812 
-0.671875 0.0 -335.9482421875 -332.06781005859375 -480.03509521484375 -179.01629638671875 
-0.671875 0.0 -336.1863098144531 -332.3058776855469 -480.29718017578125 -179.27816772460938 
-0.671875 0.0 -336.44818115234375 -332.5439453125 -480.5592956542969 -179.5162353515625 
-0.671875 0.0 -336.6862487792969 -332.781982421875 -480.8214111328125 -179.77810668945312 
-0.671875 0.0 -336.92431640625 -333.0200500488281 -481.0835266113281 -180.03997802734375 
-0.671875 0.0 -337.1861877441406 -333.25811767578125 -481.34564208984375 -180.30184936523438 
-0.671875 0.0 -337.42425537109375 -333.4961853027344 -481.6315612792969 -180.5399169921875 
-0.671875 0.0 -337.6623229980469 -333.758056640625 -481.8936767578125 -180.80178833007812 
-0.671875 0.0 -337.9241943359375 -333.9961242675781 -482.1557922363281 -181.06365966796875 
-0.6640625 0.0 -338.1622619628906 -334.23419189453125 -482.41790771484375 -181.32553100585938 
-0.6640625 0.0 -338.4002990722656 -334.4960632324219 -482.7038269042969 -181.58740234375 
-0.6640625 0.0 -338.66217041015625 -334.734130859375 -482.9659423828125 -181.82545471191406 
-0.6640625 0.0 -338.9002380371094 -334.9721984863281 -483.2280578613281 -182.0873260498047 
-0.6640625 0.0 -339.162109375 -335.21026611328125 -483.49017333984375 -182.3491973876953 
-0.6640625 0.0 -339.4001770019531 -335.44830322265625 -483.75225830078125 -182.58726501464844 
-0.6640625 0.0 -339.63824462890625 -335.6863708496094 -484.0143737792969 -182.84913635253906 
-0.6640625 0.0 -339.8763122558594 -335.9244384765625 -484.2764892578125 -183.0872039794922 
-0.6640625 0.0 -340.13818359375 -336.1625061035156 -484.5386047363281 -183.3490753173828 
-0.6640625 0.0 -340.3762512207031 -336.40057373046875 -484.80072021484375 -183.58714294433594 
-0.6640625 0.0 -340.61431884765625 -336.6386413574219 -485.06280517578125 -183.8489990234375 
-0.6640625 0.0 -340.8523864746094 -336.876708984375 -485.3249206542969 -184.11087036132812 
-0.65625 0.0 -341.1142578125 -337.1147766113281 -485.5870361328125 -184.34893798828125 
-0.65625 0.0 -341.352294921875 -337.35284423828125 -485.8491516113281 -184.61080932617188 
-0.65625 0.0 -341.5903625488281 -337.59088134765625 -486.11126708984375 -184.848876953125 
-0.65625 0.0 -341.82843017578125 -337.8289489746094 -486.34954833984375 -185.11074829101562 
-0.65625 0.0 -342.0664978027344 -338.0670166015625 -486.61163330078125 -185.34881591796875 
-0.6640625 0.0 -342.3045654296875 -338.2812805175781 -486.8737487792969 -185.61068725585938 
-0.6640625 0.0 -342.5426330566406 -338.51934814453125 -487.1358642578125 -185.84873962402344 
-0.6640625 0.0 -342.78070068359375 -338.7574157714844 -487.3979797363281 -186.08680725097656 
-0.6640625 0.0 -343.0187683105469 -338.9954833984375 -487.66009521484375 -186.3486785888672 
-0.6640625 0.0 -343.2568359375 -339.2335510253906 -487.92218017578125 -186.5867462158203 
-0.6015625 0.0 -343.494873046875 -339.4715881347656 -488.1842956542969 -186.84861755371094 
-0.578125 0.0 -343.7329406738281 -339.70965576171875 -488.4464111328125 -187.08668518066406 
-0.5859375 0.0 -343.94720458984375 -339.9001159667969 -488.6846923828125 -187.32473754882812 
-0.53125 0.0 -344.1138610839844 -340.090576171875 -488.8991394042969 -187.51519775390625 
-0.53125 0.0 -344.3042907714844 -340.2572021484375 -489.11358642578125 -187.7294464111328 
-0.4765625 0.0 -344.470947265625 -340.4000549316406 -489.32806396484375 -187.94371032714844 
-0.4296875 0.0 -344.6138000488281 -340.5428771972656 -489.5186767578125 -188.1341552734375 
-0.3515625 0.0 -344.7804260253906 -340.68572998046875 -489.6616516113281 -188.30081176757812 
-0.3359375 0.0 -344.94708251953125 -340.80474853515625 -489.82843017578125 -188.4436492919922 
-0.3359375 0.0 -345.08990478515625 -340.8999938964844 -489.92376708984375 -188.56268310546875 
-0.3359375 0.0 -345.2089538574219 -340.9952087402344 -489.94757080078125 -188.65789794921875 
-0.171875 0.0 -345.3517761230469 -341.0666198730469 -489.9952392578125 -188.7531280517578 
-0.140625 0.0 -345.4232177734375 -341.1380615234375 -490.06671142578125 -188.82455444335938 
-0.1328125 0.0 -345.4708251953125 -341.161865234375 -490.1382141113281 -188.84835815429688 
-0.1328125 0.0 -345.5184326171875 -341.20947265625 -490.16204833984375 -188.89596557617188 
-0.0078125 0.0 -345.542236328125 -341.2332763671875 -490.2096862792969 -188.91976928710938 
-0.0078125 0.0 -345.5660400390625 -341.2332763671875 -490.2335205078125 -188.91976928710938 
-0.0078125 0.0 -345.542236328125 -341.2332763671875 -490.2335205078125 -188.91976928710938 
-0.0078125 0.0 -345.542236328125 -341.2332763671875 -490.2335205078125 -188.91976928710938 
-0.0078125 0.0 -345.542236328125 -341.2332763671875 -490.2335205078125 -188.91976928710938 
0.0 0.0 -345.542236328125 -341.2332763671875 -490.2335205078125 -188.91976928710938 
0.0 0.0 -345.542236328125 -341.2332763671875 -490.2335205078125 -188.91976928710938 
0.0 0.0 -345.542236328125 -341.2332763671875 -490.2335205078125 -188.91976928710938 
0.0 0.0 -345.542236328125 -341.2332763671875 -490.2335205078125 -188.91976928710938 
0.0 0.0 -345.542236328125 -341.2332763671875 -490.2335205078125 -188.91976928710938 
0.0 0.0 -345.542236328125 -341.2332763671875 -490.2335205078125 -188.91976928710938 
0.0 0.0 -345.542236328125 -341.2332763671875 -490.2335205078125 -188.91976928710938 
0.0 0.0 -345.542236328125 -341.2332763671875 -490.2335205078125 -188.91976928710938 
0.0 0.0 -345.542236328125 -341.2332763671875 -490.2335205078125 -188.91976928710938 
0.0 0.0 -345.542236328125 -341.2332763671875 -490.2335205078125 -188.91976928710938 
0.0 0.0 -345.542236328125 -341.2332763671875 -490.2335205078125 -188.91976928710938 
0.0 0.0 -345.542236328125 -341.2332763671875 -490.2335205078125 -188.91976928710938 
0.0 0.0 -345.5660400390625 -341.2332763671875 -490.2335205078125 -188.91976928710938 
0.0 0.0 -345.5660400390625 -341.2332763671875 -490.2335205078125 -188.91976928710938 
0.0 0.0 -345.5660400390625 -341.2332763671875 -490.2335205078125 -188.91976928710938 
0.0 0.0 -345.5660400390625 -341.2332763671875 -490.2335205078125 -188.91976928710938 
0.0 0.0 -345.5660400390625 -341.2332763671875 -490.2335205078125 -188.91976928710938 
0.0 0.0 -345.5660400390625 -341.2332763671875 -490.2335205078125 -188.91976928710938 
0.0 0.0 -345.5660400390625 -341.2332763671875 -490.2335205078125 -188.91976928710938 
0.0 0.0 -345.5660400390625 -341.2332763671875 -490.2335205078125 -188.91976928710938 
0.0 0.0 -345.5660400390625 -341.2332763671875 -490.2335205078125 -188.91976928710938 
0.0 0.0 -345.5660400390625 -341.2332763671875 -490.2335205078125 -188.91976928710938 
0.0 0.0 -345.5660400390625 -341.2332763671875 -490.2335205078125 -188.91976928710938 
0.0 0.0 -345.5660400390625 -341.2332763671875 -490.2335205078125 -188.91976928710938 
0.0 0.0 -345.5660400390625 -341.2332763671875 -490.2335205078125 -188.91976928710938 
0.0 0.0 -345.5660400390625 -341.2332763671875 -490.2335205078125 -188.91976928710938 
0.0 0.0 -345.5660400390625 -341.2332763671875 -490.2335205078125 -188.91976928710938 
0.0 0.0 -345.5660400390625 -341.2332763671875 -490.2335205078125 -188.91976928710938 
0.0 0.0 -345.5660400390625 -341.2332763671875 -490.2335205078125 -188.91976928710938 
0.0 0.0 -345.5660400390625 -341.2332763671875 -490.2335205078125 -188.91976928710938 
0.0 0.0 -345.5660400390625 -341.2332763671875 -490.2335205078125 -188.91976928710938 
0.0 0.0 -345.5660400390625 -341.2332763671875 -490.2335205078125 -188.91976928710938 
0.0 0.0 -345.5660400390625 -341.2332763671875 -490.2335205078125 -188.91976928710938 
0.0 0.0 -345.5660400390625 -341.2332763671875 -490.2335205078125 -188.91976928710938 
0.0 0.0 -345.5660400390625 -341.2332763671875 -490.2335205078125 -188.91976928710938 
0.0 0.0 -345.5660400390625 -341.2332763671875 -490.2335205078125 -188.91976928710938 
0.0 0.0 -345.5660400390625 -341.2332763671875 -490.2335205078125 -188.91976928710938 
0.007874015718698502 0.0 -345.5660400390625 -341.2332763671875 -490.2335205078125 -188.91976928710938 
0.007874015718698502 0.0 -345.5660400390625 -341.2332763671875 -490.2335205078125 -188.91976928710938 
0.015748031437397003 0.0 -345.5660400390625 -341.2332763671875 -490.2335205078125 -188.91976928710938 
0.023622047156095505 0.0 -345.5660400390625 -341.2332763671875 -490.2335205078125 -188.91976928710938 
0.023622047156095505 0.0 -345.5660400390625 -341.2332763671875 -490.2335205078125 -188.91976928710938 
0.04724409431219101 0.0 -345.5660400390625 -341.2332763671875 -490.2335205078125 -188.91976928710938 
0.04724409431219101 0.0 -345.5660400390625 -341.2332763671875 -490.2335205078125 -188.91976928710938 
0.04724409431219101 0.0 -345.5660400390625 -341.2332763671875 -490.2335205078125 -188.91976928710938 
0.05511811003088951 0.0 -345.5660400390625 -341.2332763671875 -490.2335205078125 -188.91976928710938 
0.05511811003088951 0.0 -345.5660400390625 -341.2332763671875 -490.2335205078125 -188.91976928710938 
0.05511811003088951 0.0 -345.5660400390625 -341.2332763671875 -490.2335205078125 -188.91976928710938 
0.05511811003088951 0.0 -345.5660400390625 -341.2332763671875 -490.2335205078125 -188.91976928710938 
0.06299212574958801 0.0 -345.5660400390625 -341.2332763671875 -490.2335205078125 -188.91976928710938 
0.06299212574958801 0.0 -345.5660400390625 -341.2332763671875 -490.2335205078125 -188.91976928710938 
0.06299212574958801 0.0 -345.5660400390625 -341.2332763671875 -490.2335205078125 -188.91976928710938 
0.06299212574958801 0.0 -345.5660400390625 -341.2332763671875 -490.2335205078125 -188.91976928710938 
0.05511811003088951 0.0 -345.5660400390625 -341.2332763671875 -490.2335205078125 -188.91976928710938 
0.05511811003088951 0.0 -345.5660400390625 -341.2332763671875 -490.2335205078125 -188.91976928710938 
0.05511811003088951 0.0 -345.5660400390625 -341.2332763671875 -490.2335205078125 -188.91976928710938 
0.05511811003088951 0.0 -345.5660400390625 -341.2332763671875 -490.2335205078125 -188.91976928710938 
0.06299212574958801 0.0 -345.5660400390625 -341.2332763671875 -490.2335205078125 -188.91976928710938 
0.05511811003088951 0.0 -345.5660400390625 -341.2332763671875 -490.2335205078125 -188.91976928710938 
0.05511811003088951 0.0 -345.5660400390625 -341.2332763671875 -490.2335205078125 -188.91976928710938 
0.05511811003088951 0.0 -345.5660400390625 -341.2332763671875 -490.2335205078125 -188.91976928710938 
0.07086614519357681 0.0 -345.5660400390625 -341.2332763671875 -490.2335205078125 -188.91976928710938 
0.07086614519357681 0.0 -345.5660400390625 -341.2332763671875 -490.2335205078125 -188.91976928710938 
0.07086614519357681 0.0 -345.5660400390625 -341.2332763671875 -490.2335205078125 -188.91976928710938 
0.07086614519357681 0.0 -345.5660400390625 -341.2332763671875 -490.2335205078125 -188.91976928710938 
0.07086614519357681 0.0 -345.5660400390625 -341.2332763671875 -490.2335205078125 -188.91976928710938 
0.07086614519357681 0.0 -345.5660400390625 -341.2332763671875 -490.2335205078125 -188.91976928710938 
0.07086614519357681 0.0 -345.5660400390625 -341.2332763671875 -490.2335205078125 -188.91976928710938 
0.07086614519357681 0.0 -345.5660400390625 -341.2332763671875 -490.2335205078125 -188.91976928710938 
0.07086614519357681 0.0 -345.5660400390625 -341.2332763671875 -490.2335205078125 -188.91976928710938 
0.07086614519357681 0.0 -345.5660400390625 -341.2332763671875 -490.2335205078125 -188.91976928710938 
0.07086614519357681 0.0 -345.5660400390625 -341.2332763671875 -490.2335205078125 -188.91976928710938 
0.07086614519357681 0.0 -345.5660400390625 -341.2332763671875 -490.2335205078125 -188.91976928710938 
0.07086614519357681 0.0 -345.5660400390625 -341.2332763671875 -490.2335205078125 -188.91976928710938 
0.07086614519357681 0.0 -345.5660400390625 -341.2332763671875 -490.2335205078125 -188.91976928710938 
0.07086614519357681 0.0 -345.5660400390625 -341.2332763671875 -490.2335205078125 -188.91976928710938 
0.07086614519357681 0.0 -345.5660400390625 -341.2332763671875 -490.2335205078125 -188.91976928710938 
0.07086614519357681 0.0 -345.5660400390625 -341.2332763671875 -490.2335205078125 -188.91976928710938 
0.07086614519357681 0.0 -345.5660400390625 -341.2332763671875 -490.2335205078125 -188.91976928710938 
0.07086614519357681 0.0 -345.5660400390625 -341.2332763671875 -490.2335205078125 -188.91976928710938 
0.07086614519357681 0.0 -345.5660400390625 -341.2332763671875 -490.2335205078125 -188.91976928710938 
0.07086614519357681 0.0 -345.5660400390625 -341.2332763671875 -490.2335205078125 -188.91976928710938 
0.07086614519357681 0.0 -345.5660400390625 -341.2332763671875 -490.2335205078125 -188.91976928710938 
0.06299212574958801 0.0 -345.5660400390625 -341.2332763671875 -490.2335205078125 -188.91976928710938 
0.031496062874794006 0.0 -345.5660400390625 -341.2332763671875 -490.2335205078125 -188.91976928710938 
0.015748031437397003 0.0 -345.5660400390625 -341.2332763671875 -490.2335205078125 -188.91976928710938 
0.015748031437397003 0.0 -345.5660400390625 -341.2332763671875 -490.2335205078125 -188.91976928710938 
0.0 0.0 -345.5660400390625 -341.2332763671875 -490.2335205078125 -188.91976928710938 
0.0 0.0 -345.5660400390625 -341.2332763671875 -490.2335205078125 -188.91976928710938 
0.0 0.0 -345.5660400390625 -341.2332763671875 -490.2335205078125 -188.91976928710938 
0.0 0.0 -345.5660400390625 -341.2332763671875 -490.2335205078125 -188.91976928710938 
0.0 0.0 -345.5660400390625 -341.2332763671875 -490.2335205078125 -188.91976928710938 
0.0 0.0 -345.5660400390625 -341.2332763671875 -490.2335205078125 -188.91976928710938 
0.0 0.0 -345.5660400390625 -341.2332763671875 -490.2335205078125 -188.91976928710938 
0.0 0.0 -345.5660400390625 -341.2332763671875 -490.2335205078125 -188.91976928710938 
0.0 0.0 -345.5660400390625 -341.2332763671875 -490.2335205078125 -188.91976928710938 
0.0 0.0 -345.5660400390625 -341.2332763671875 -490.2335205078125 -188.91976928710938 
0.0 0.0 -345.5660400390625 -341.2332763671875 -490.2335205078125 -188.91976928710938 
0.0 0.0 -345.5660400390625 -341.2332763671875 -490.2335205078125 -188.91976928710938 
0.0 0.0 -345.5660400390625 -341.2332763671875 -490.2335205078125 -188.91976928710938 
0.0 0.0 -345.5660400390625 -341.2332763671875 -490.2335205078125 -188.91976928710938 
0.0 0.0 -345.5660400390625 -341.2332763671875 -490.2335205078125 -188.91976928710938 
0.0 0.0 -345.5660400390625 -341.2332763671875 -490.2335205078125 -188.91976928710938 
0.0 0.0 -345.5660400390625 -341.2332763671875 -490.2335205078125 -188.91976928710938 
0.0 0.0 -345.5660400390625 -341.2332763671875 -490.2335205078125 -188.91976928710938 
0.0 0.0 -345.5660400390625 -341.2332763671875 -490.2335205078125 -188.91976928710938 
0.0 0.0 -345.5660400390625 -341.2332763671875 -490.2335205078125 -188.91976928710938 
0.0 0.0 -345.5660400390625 -341.2332763671875 -490.2335205078125 -188.91976928710938 
0.0 0.0 -345.5660400390625 -341.2332763671875 -490.2335205078125 -188.91976928710938 
0.0 0.0 -345.5660400390625 -341.2332763671875 -490.2335205078125 -188.91976928710938 
0.0 0.0 -345.5660400390625 -341.2332763671875 -490.2335205078125 -188.91976928710938 
0.0 0.0 -345.5660400390625 -341.2332763671875 -490.2335205078125 -188.91976928710938 
0.0 0.0 -345.5660400390625 -341.2332763671875 -490.2335205078125 -188.91976928710938 
0.0 0.0 -345.5660400390625 -341.2332763671875 -490.2335205078125 -188.91976928710938 
0.0 0.0 -345.5660400390625 -341.2332763671875 -490.2335205078125 -188.91976928710938 
0.0 0.0 -345.5660400390625 -341.2332763671875 -490.2335205078125 -188.91976928710938 
0.0 0.0 -345.5660400390625 -341.2332763671875 -490.2335205078125 -188.91976928710938 
0.0 0.0 -345.5660400390625 -341.2332763671875 -490.2335205078125 -188.91976928710938 
0.0 0.0 -345.5660400390625 -341.2332763671875 -490.2335205078125 -188.91976928710938 
0.0 0.0 -345.5660400390625 -341.2332763671875 -490.2335205078125 -188.91976928710938 
0.0 0.0 -345.5660400390625 -341.2332763671875 -490.2335205078125 -188.91976928710938 
0.0 0.0 -345.5660400390625 -341.2332763671875 -490.2335205078125 -188.91976928710938 
0.0 0.0 -345.5660400390625 -341.2332763671875 -490.2335205078125 -188.91976928710938 
0.0 0.0 -345.5660400390625 -341.2332763671875 -490.2335205078125 -188.91976928710938 
0.0 0.0 -345.5660400390625 -341.2332763671875 -490.2335205078125 -188.91976928710938 
0.0 0.0 -345.5660400390625 -341.2332763671875 -490.2335205078125 -188.91976928710938 
0.0 0.0 -345.5660400390625 -341.2332763671875 -490.2335205078125 -188.91976928710938 
0.0 0.0 -345.5660400390625 -341.2332763671875 -490.2335205078125 -188.91976928710938 
0.0 0.0 -345.5660400390625 -341.2332763671875 -490.2335205078125 -188.91976928710938 
0.0 0.0 -345.5660400390625 -341.2332763671875 -490.2335205078125 -188.91976928710938 
0.0 0.0 -345.5660400390625 -341.2332763671875 -490.2335205078125 -188.91976928710938 
0.0 0.0 -345.5660400390625 -341.2332763671875 -490.2335205078125 -188.91976928710938 
0.0 0.0 -345.5660400390625 -341.2332763671875 -490.2335205078125 -188.91976928710938 
0.0 0.0 -345.5660400390625 -341.2332763671875 -490.2335205078125 -188.91976928710938 
0.0 0.0 -345.5660400390625 -341.2332763671875 -490.2335205078125 -188.91976928710938 
0.0 0.0 -345.5660400390625 -341.2332763671875 -490.2335205078125 -188.91976928710938 
0.0 0.0 -345.5660400390625 -341.2332763671875 -490.2335205078125 -188.91976928710938 
0.0 0.0 -345.5660400390625 -341.2332763671875 -490.2335205078125 -188.91976928710938 
0.0 0.0 -345.5660400390625 -341.2332763671875 -490.2335205078125 -188.91976928710938 
0.0 0.0 -345.5660400390625 -341.2332763671875 -490.2335205078125 -188.91976928710938 
0.0 0.0 -345.5660400390625 -341.2332763671875 -490.2335205078125 -188.91976928710938 
0.0 0.0 -345.5660400390625 -341.2332763671875 -490.2335205078125 -188.91976928710938 
0.0 0.0 -345.5660400390625 -341.2332763671875 -490.2335205078125 -188.91976928710938 
0.0 0.0 -345.5660400390625 -341.2332763671875 -490.2335205078125 -188.91976928710938 
0.0 0.0 -345.5660400390625 -341.2332763671875 -490.2335205078125 -188.91976928710938 
0.0 0.0 -345.5660400390625 -341.2332763671875 -490.2335205078125 -188.91976928710938 
0.0 0.0 -345.5660400390625 -341.2332763671875 -490.2335205078125 -188.91976928710938 
