0.0 0.0 -0.9047618508338928 -9.190511703491211 -8.642888069152832 4.166662693023682 
0.0 0.0 -0.9047618508338928 -9.190511703491211 -8.642888069152832 4.166662693023682 
0.0 0.0 -0.9047618508338928 -9.190511703491211 -8.642888069152832 4.166662693023682 
0.0 0.0 -0.9047618508338928 -9.190511703491211 -8.642888069152832 4.166662693023682 
0.0 0.0 -0.9047618508338928 -9.190511703491211 -8.642888069152832 4.166662693023682 
0.0 0.0 -0.9047618508338928 -9.190511703491211 -8.642888069152832 4.166662693023682 
0.0 0.0 -0.9047618508338928 -9.190511703491211 -8.642888069152832 4.166662693023682 
0.0 0.0 -0.9047618508338928 -9.190511703491211 -8.642888069152832 4.166662693023682 
0.0 0.0 -0.9047618508338928 -9.190511703491211 -8.642888069152832 4.166662693023682 
0.0 0.0 -0.9047618508338928 -9.190511703491211 -8.642888069152832 4.166662693023682 
0.0 0.0 -0.9047618508338928 -9.190511703491211 -8.642888069152832 4.166662693023682 
0.0 0.0 -0.9047618508338928 -9.190511703491211 -8.642888069152832 4.166662693023682 
0.0 0.0 -0.9047618508338928 -9.190511703491211 -8.642888069152832 4.166662693023682 
0.0 0.0 -0.9047618508338928 -9.190511703491211 -8.642888069152832 4.166662693023682 
0.0 0.0 -0.9047618508338928 -9.190511703491211 -8.642888069152832 4.166662693023682 
0.0 0.0 -0.9047618508338928 -9.190511703491211 -8.642888069152832 4.166662693023682 
0.0 0.0 -0.9047618508338928 -9.190511703491211 -8.642888069152832 4.166662693023682 
0.0 0.0 -0.9047618508338928 -9.190511703491211 -8.642888069152832 4.166662693023682 
0.0 0.0 -0.9047618508338928 -9.190511703491211 -8.642888069152832 4.166662693023682 
0.0 0.0 -0.9047618508338928 -9.190511703491211 -8.642888069152832 4.166662693023682 
0.0 0.0 -0.9047618508338928 -9.190511703491211 -8.642888069152832 4.166662693023682 
0.0 0.0 -0.9047618508338928 -9.190511703491211 -8.642888069152832 4.166662693023682 
0.0 0.0 -0.9047618508338928 -9.190511703491211 -8.642888069152832 4.166662693023682 
0.0 0.0 -0.9047618508338928 -9.190511703491211 -8.642888069152832 4.166662693023682 
0.0 0.0 -0.9047618508338928 -9.190511703491211 -8.642888069152832 4.166662693023682 
0.0 0.0 -0.9047618508338928 -9.190511703491211 -8.642888069152832 4.166662693023682 
0.0 0.0 -0.9047618508338928 -9.190511703491211 -8.642888069152832 4.166662693023682 
0.0 0.0 -0.9047618508338928 -9.190511703491211 -8.642888069152832 4.166662693023682 
0.0 0.0 -0.9047618508338928 -9.190511703491211 -8.642888069152832 4.166662693023682 
0.0 0.0 -0.9047618508338928 -9.190511703491211 -8.642888069152832 4.166662693023682 
0.0 0.0 -0.9047618508338928 -9.190511703491211 -8.642888069152832 4.166662693023682 
0.0 0.0 -0.9047618508338928 -9.190511703491211 -8.642888069152832 4.166662693023682 
0.0 0.0 -0.9047618508338928 -9.190511703491211 -8.642888069152832 4.166662693023682 
0.0 0.0 -0.9047618508338928 -9.190511703491211 -8.642888069152832 4.166662693023682 
0.0 0.0 -0.9047618508338928 -9.190511703491211 -8.642888069152832 4.166662693023682 
0.0 0.0 -0.9047618508338928 -9.190511703491211 -8.642888069152832 4.166662693023682 
0.0 0.0 -0.9047618508338928 -9.190511703491211 -8.642888069152832 4.166662693023682 
0.0 0.0 -0.9047618508338928 -9.190511703491211 -8.642888069152832 4.166662693023682 
0.0 0.0 -0.9047618508338928 -9.190511703491211 -8.642888069152832 4.166662693023682 
0.0 0.0 -0.9047618508338928 -9.190511703491211 -8.642888069152832 4.166662693023682 
0.0 0.0 -0.9047618508338928 -9.190511703491211 -8.642888069152832 4.166662693023682 
0.0 0.0 -0.9047618508338928 -9.190511703491211 -8.642888069152832 4.166662693023682 
0.0 0.0 -0.9047618508338928 -9.190511703491211 -8.642888069152832 4.166662693023682 
0.0 0.0 -0.9047618508338928 -9.190511703491211 -8.642888069152832 4.166662693023682 
0.0 0.0 -0.9047618508338928 -9.190511703491211 -8.642888069152832 4.166662693023682 
0.0 0.0 -0.9047618508338928 -9.190511703491211 -8.642888069152832 4.166662693023682 
0.0 0.0 -0.9047618508338928 -9.190511703491211 -8.642888069152832 4.166662693023682 
0.0 0.0 -0.9047618508338928 -9.190511703491211 -8.642888069152832 4.166662693023682 
0.0 0.0 -0.9047618508338928 -9.190511703491211 -8.642888069152832 4.166662693023682 
0.0 0.0 -0.9047618508338928 -9.190511703491211 -8.642888069152832 4.166662693023682 
0.0 0.0 -0.9047618508338928 -9.190511703491211 -8.642888069152832 4.166662693023682 
0.0 0.0 -0.9047618508338928 -9.190511703491211 -8.642888069152832 4.166662693023682 
0.0 0.0 -0.9047618508338928 -9.190511703491211 -8.642888069152832 4.166662693023682 
0.0 0.0 -0.9047618508338928 -9.190511703491211 -8.642888069152832 4.166662693023682 
-0.0078125 0.0 -0.9047618508338928 -9.190511703491211 -8.642888069152832 4.166662693023682 
-0.0234375 0.0 -0.9047618508338928 -9.190511703491211 -8.642888069152832 4.166662693023682 
-0.0703125 0.0 -0.9047618508338928 -9.190511703491211 -8.642888069152832 4.166662693023682 
-0.1015625 0.0 -0.9047618508338928 -9.190511703491211 -8.642888069152832 4.166662693023682 
-0.09375 0.0 -0.9047618508338928 -9.190511703491211 -8.642888069152832 4.166662693023682 
-0.1015625 0.0 -0.9047618508338928 -9.190511703491211 -8.642888069152832 4.166662693023682 
-0.109375 0.0 -0.9047618508338928 -9.190511703491211 -8.642888069152832 4.166662693023682 
-0.1171875 0.0 -0.9047618508338928 -9.190511703491211 -8.642888069152832 4.166662693023682 
-0.125 0.0 -0.9047618508338928 -9.190511703491211 -8.642888069152832 4.166662693023682 
-0.125 0.0 -0.9047618508338928 -9.190511703491211 -8.642888069152832 4.166662693023682 
-0.1328125 0.0 -0.9047618508338928 -9.190511703491211 -8.642888069152832 4.166662693023682 
-0.1328125 0.0 -0.9047618508338928 -9.190511703491211 -8.642888069152832 4.166662693023682 
-0.140625 0.0 -0.9047618508338928 -9.190511703491211 -8.642888069152832 4.166662693023682 
-0.1484375 0.0 -0.9285714030265808 -9.190511703491211 -8.642888069152832 4.166662693023682 
-0.15625 0.0 -0.9285714030265808 -9.190511703491211 -8.642888069152832 4.166662693023682 
-0.15625 0.0 -0.9285714030265808 -9.190511703491211 -8.642888069152832 4.166662693023682 
-0.1875 0.0 -0.9285714030265808 -9.21432113647461 -8.642888069152832 4.166662693023682 
-0.1796875 0.0 -0.9285714030265808 -9.21432113647461 -8.666698455810547 4.166662693023682 
-0.1796875 0.0 -0.9285714030265808 -9.21432113647461 -8.666698455810547 4.166662693023682 
-0.1796875 0.0 -0.9523810148239136 -9.21432113647461 -8.666698455810547 4.142853260040283 
-0.1953125 0.0 -0.9523810148239136 -9.21432113647461 -8.690507888793945 4.142853260040283 
-0.1953125 0.0 -0.9523810148239136 -9.21432113647461 -8.690507888793945 4.142853260040283 
-0.21875 0.0 -0.9761905670166016 -9.21432113647461 -8.690507888793945 4.142853260040283 
-0.234375 0.0 -0.9761905670166016 -9.238130569458008 -8.690507888793945 4.142853260040283 
-0.234375 0.0 -1.0000001192092896 -9.238130569458008 -8.714317321777344 4.119043827056885 
-0.2421875 0.0 -1.0000001192092896 -9.261940956115723 -8.738127708435059 4.095234394073486 
-0.2578125 0.0 -1.0238096714019775 -9.261940956115723 -8.738127708435059 4.071424961090088 
-0.2578125 0.0 -1.0476192235946655 -9.285750389099121 -8.761937141418457 4.071424961090088 
-0.2578125 0.0 -1.0714287757873535 -9.309560775756836 -8.785747528076172 4.0476155281066895 
-0.2890625 0.0 -1.0952383279800415 -9.333370208740234 -8.80955696105957 4.023805618286133 
-0.2890625 0.0 -1.1190478801727295 -9.333370208740234 -8.833366394042969 3.9999964237213135 
-0.296875 0.0 -1.1428574323654175 -9.380990028381348 -8.857176780700684 3.976186990737915 
-0.2890625 -0.0234375 -1.1666669845581055 -9.404799461364746 -8.880986213684082 3.9523773193359375 
-0.296875 -0.0234375 -1.214286208152771 -9.428609848022461 -8.928606033325195 3.9047584533691406 
-0.296875 -0.03125 -1.238095760345459 -9.45241928100586 -8.952415466308594 3.880949020385742 
-0.3046875 -0.03125 -1.261905312538147 -9.500039100646973 -9.000035285949707 3.8333301544189453 
-0.3046875 -0.03125 -1.309524416923523 -9.523848533630371 -9.04765510559082 3.8095204830169678 
-0.3125 -0.0390625 -1.333333969116211 -9.571468353271484 -9.095274925231934 3.761901617050171 
-0.34375 -0.03125 -1.380953073501587 -9.595277786254883 -9.119084358215332 3.714282751083374 
-0.3515625 -0.0390625 -1.4285720586776733 -9.642897605895996 -9.166704177856445 3.666663646697998 
-0.34375 -0.0390625 -1.4761910438537598 -9.69051742553711 -9.214323997497559 3.619044780731201 
-0.3359375 -0.0390625 -1.5238100290298462 -9.738137245178223 -9.261943817138672 3.5714259147644043 
-0.34375 -0.03125 -1.5714290142059326 -9.785757064819336 -9.333373069763184 3.5238068103790283 
-0.34375 -0.0390625 -1.6190478801727295 -9.833375930786133 -9.380992889404297 3.4761879444122314 
-0.34375 -0.0390625 -1.666666865348816 -9.880995750427246 -9.428611755371094 3.404759407043457 
-0.34375 -0.0390625 -1.7142858505249023 -9.952425003051758 -9.500041961669922 3.35714054107666 
-0.34375 -0.0390625 -1.7857142686843872 -10.000044822692871 -9.547660827636719 3.3095216751098633 
-0.34375 -0.0390625 -1.8333332538604736 -10.047664642333984 -9.619091033935547 3.238093137741089 
-0.34375 -0.046875 -1.8809521198272705 -10.095284461975098 -9.666709899902344 3.190474271774292 
-0.3359375 -0.0390625 -1.9523805379867554 -10.16671371459961 -9.738140106201172 3.1190457344055176 
-0.3515625 -0.046875 -1.9999995231628418 -10.214333534240723 -9.809569358825684 3.0714268684387207 
-0.3515625 -0.046875 -2.0476183891296387 -10.261953353881836 -9.857189178466797 3.0238077640533447 
-0.34375 -0.046875 -2.119046926498413 -10.309572219848633 -9.928618431091309 2.9523794651031494 
-0.3671875 -0.046875 -2.16666579246521 -10.381002426147461 -9.976238250732422 2.9047603607177734 
-0.3671875 -0.046875 -2.214284896850586 -10.428621292114258 -10.047667503356934 2.833332061767578 
-0.3671875 -0.046875 -2.2857131958007812 -10.476241111755371 -10.095287322998047 2.7857131958007812 
-0.3671875 -0.046875 -2.3333323001861572 -10.547670364379883 -10.166716575622559 2.714284658432007 
-0.3828125 -0.046875 -2.380951166152954 -10.595290184020996 -10.23814582824707 2.6428561210632324 
-0.3828125 -0.046875 -2.4523794651031494 -10.666719436645508 -10.285765647888184 2.5952372550964355 
-0.3828125 -0.046875 -2.4999985694885254 -10.738149642944336 -10.357194900512695 2.5238089561462402 
-0.3828125 -0.046875 -2.5714268684387207 -10.785768508911133 -10.428624153137207 2.452380418777466 
-0.40625 -0.046875 -2.642855405807495 -10.857198715209961 -10.523863792419434 2.3809521198272705 
-0.4140625 -0.046875 -2.7142837047576904 -10.928627967834473 -10.595293045043945 2.309523582458496 
-0.4140625 -0.046875 -2.785712242126465 -11.000057220458984 -10.666722297668457 2.2142856121063232 
-0.4375 -0.0546875 -2.8571407794952393 -11.071486473083496 -10.761961936950684 2.142857313156128 
-0.453125 -0.0546875 -2.952378749847412 -11.142915725708008 -10.833391189575195 2.047619342803955 
-0.46875 -0.0546875 -3.0238072872161865 -11.238155364990234 -10.928630828857422 1.9523814916610718 
-0.46875 -0.0546875 -3.1190450191497803 -11.333395004272461 -11.023869514465332 1.857143521308899 
-0.46875 -0.046875 -3.214282989501953 -11.428632736206055 -11.119109153747559 1.7380961179733276 
-0.46875 -0.046875 -3.309520959854126 -11.523869514465332 -11.238158226013184 1.6428582668304443 
-0.4765625 -0.046875 -3.4047586917877197 -11.619105339050293 -11.333396911621094 1.523810863494873 
-0.46875 -0.046875 -3.523806095123291 -11.738151550292969 -11.452444076538086 1.4047634601593018 
-0.4765625 -0.046875 -3.619044065475464 -11.833388328552246 -11.690535545349121 1.3095251321792603 
-0.4765625 -0.046875 -3.738091468811035 -11.952433586120605 -11.690535545349121 1.1904773712158203 
-0.4765625 -0.046875 -3.8571388721466064 -12.071478843688965 -11.809581756591797 1.0476199388504028 
-0.4765625 -0.046875 -3.9761862754821777 -12.166715621948242 -11.952436447143555 0.9285721778869629 
-0.4765625 -0.046875 -4.09523344039917 -12.285761833190918 -12.071481704711914 0.8095243573188782 
-0.4765625 -0.046875 -4.21428108215332 -12.404807090759277 -12.19052791595459 0.666667103767395 
-0.4765625 -0.046875 -4.3333282470703125 -12.523853302001953 -12.333382606506348 0.5476195216178894 
-0.46875 -0.046875 -4.452375888824463 -12.642898559570312 -12.476237297058105 0.4285719096660614 
-0.46875 -0.0546875 -4.571423053741455 -12.761943817138672 -12.595282554626465 0.3095243275165558 
-0.46875 -0.0546875 -4.6904706954956055 -12.880990028381348 -12.738138198852539 0.19047674536705017 
-0.4765625 -0.0546875 -4.809517860412598 -13.000035285949707 -12.857183456420898 0.07142914086580276 
-0.4765625 -0.0546875 -4.92856502532959 -13.119081497192383 -12.976228713989258 -0.047618474811315536 
-0.46875 -0.0625 -5.04761266708374 -13.238126754760742 -13.095274925231934 -0.19047559797763824 
-0.46875 -0.0625 -5.166659832000732 -13.357172966003418 -13.238129615783691 -0.30952319502830505 
-0.4765625 -0.0703125 -5.285707473754883 -13.476218223571777 -13.35717487335205 -0.42857077717781067 
-0.4765625 -0.0703125 -5.404754638671875 -13.595264434814453 -13.476221084594727 -0.5476183891296387 
-0.484375 -0.0859375 -5.523802280426025 -13.690500259399414 -13.595266342163086 -0.6904754638671875 
-0.484375 -0.0859375 -5.642849445343018 -13.80954647064209 -13.73812198638916 -0.8095232844352722 
-0.484375 -0.0859375 -5.761898040771484 -13.92859172821045 -13.85716724395752 -0.9285711050033569 
-0.484375 -0.0859375 -5.880947113037109 -14.047637939453125 -14.000021934509277 -1.0714284181594849 
-0.484375 -0.09375 -5.976186275482178 -14.166683197021484 -14.119068145751953 -1.2142858505249023 
-0.484375 -0.09375 -6.095235347747803 -14.28572940826416 -14.238113403320312 -1.3333336114883423 
-0.4921875 -0.09375 -6.214284420013428 -14.40477466583252 -14.38096809387207 -1.4761906862258911 
-0.4921875 -0.09375 -6.333333492279053 -14.523819923400879 -14.500014305114746 -1.5952380895614624 
-0.5078125 -0.09375 -6.452382564544678 -14.642866134643555 -14.642868995666504 -1.7380949258804321 
-0.5078125 -0.09375 -6.595241546630859 -14.761911392211914 -14.761914253234863 -1.8571423292160034 
-0.53125 -0.09375 -6.714290618896484 -14.904766082763672 -14.904768943786621 -1.9999991655349731 
-0.5234375 -0.09375 -6.833339691162109 -15.023812294006348 -15.047623634338379 -2.1428561210632324 
-0.5234375 -0.09375 -6.952388763427734 -15.142857551574707 -15.190479278564453 -2.285712957382202 
-0.6015625 -0.09375 -7.095247745513916 -15.285712242126465 -15.333333969116211 -2.428569793701172 
-0.609375 -0.09375 -7.2381062507629395 -15.428567886352539 -15.499998092651367 -2.59523606300354 
-0.6484375 -0.09375 -7.380965232849121 -15.571422576904297 -15.642852783203125 -2.7857120037078857 
-0.6484375 -0.09375 -7.547634124755859 -15.738086700439453 -15.809516906738281 -2.952378511428833 
-0.65625 -0.09375 -7.7143025398254395 -15.904749870300293 -15.99998950958252 -3.1428542137145996 
-0.6640625 -0.09375 -7.928591251373291 -16.071414947509766 -16.214271545410156 -3.3571395874023438 
-0.6640625 -0.09375 -8.119070053100586 -16.261886596679688 -16.40474510192871 -3.571424722671509 
-0.6640625 -0.09375 -8.333357810974121 -16.47616958618164 -16.61902618408203 -3.785710096359253 
-0.6640625 -0.09375 -8.571455955505371 -16.690452575683594 -16.857118606567383 -4.023804664611816 
-0.6640625 -0.09375 -8.785744667053223 -16.904733657836914 -17.0952091217041 -4.261899471282959 
-0.6640625 -0.09375 -9.023842811584473 -17.142826080322266 -17.333301544189453 -4.499994277954102 
-0.671875 -0.09375 -9.261940956115723 -17.357107162475586 -17.59520149230957 -4.761898517608643 
-0.671875 -0.09375 -9.500039100646973 -17.595199584960938 -17.833293914794922 -4.999993324279785 
-0.671875 -0.09375 -9.738137245178223 -17.833290100097656 -18.09519386291504 -5.261897563934326 
-0.6640625 -0.09375 -9.976235389709473 -18.071382522583008 -18.357093811035156 -5.523801803588867 
-0.640625 -0.09375 -10.238142967224121 -18.309473037719727 -18.618993759155273 -5.785707950592041 
-0.65625 -0.09375 -10.476241111755371 -18.547563552856445 -18.880895614624023 -6.0476155281066895 
-0.65625 -0.09375 -10.714339256286621 -18.809465408325195 -19.14279556274414 -6.2857136726379395 
-0.65625 -0.09375 -10.952437400817871 -19.023746490478516 -19.38088607788086 -6.5238118171691895 
-0.65625 -0.09375 -11.214345932006836 -19.285648345947266 -19.64278793334961 -6.785719871520996 
-0.65625 -0.09375 -11.452441215515137 -19.523738861083984 -19.880878448486328 -7.023818016052246 
-0.6484375 -0.09375 -11.690532684326172 -19.761831283569336 -20.142780303955078 -7.285726070404053 
-0.6484375 -0.09375 -11.928624153137207 -19.999921798706055 -20.380870819091797 -7.523824214935303 
-0.640625 -0.09375 -12.166715621948242 -20.238012313842773 -20.642770767211914 -7.761922359466553 
-0.640625 -0.09375 -12.404807090759277 -20.476104736328125 -20.880863189697266 -8.02383041381836 
-0.640625 -0.09375 -12.642898559570312 -20.714195251464844 -21.142763137817383 -8.238119125366211 
-0.625 -0.09375 -12.880990028381348 -20.928478240966797 -21.3808536529541 -8.476217269897461 
-0.609375 -0.09375 -13.095272064208984 -21.166568756103516 -21.64275550842285 -8.714315414428711 
-0.6171875 -0.09375 -13.309554100036621 -21.38085174560547 -21.88084602355957 -8.952413558959961 
-0.609375 -0.09375 -13.547645568847656 -21.618942260742188 -22.118938446044922 -9.166701316833496 
-0.609375 -0.09375 -13.738119125366211 -21.809415817260742 -22.333219528198242 -9.380990028381348 
-0.59375 -0.0859375 -13.952401161193848 -22.023698806762695 -22.571311950683594 -9.619088172912598 
-0.609375 -0.09375 -14.166683197021484 -22.237979888916016 -22.809402465820312 -9.833375930786133 
-0.609375 -0.09375 -14.357156753540039 -22.45226287841797 -23.023685455322266 -10.023855209350586 
-0.609375 -0.09375 -14.571438789367676 -22.642736434936523 -23.237966537475586 -10.261953353881836 
-0.6015625 -0.09375 -14.761911392211914 -22.857017517089844 -23.45224952697754 -10.476241111755371 
-0.6328125 -0.09375 -14.976194381713867 -23.0474910736084 -23.690340042114258 -10.690529823303223 
-0.6328125 -0.09375 -15.166666984558105 -23.26177406311035 -23.90462303161621 -10.88100814819336 
-0.6171875 -0.09375 -15.380949020385742 -23.452245712280273 -24.118906021118164 -11.11910629272461 
-0.6171875 -0.09375 -15.595231056213379 -23.666528701782227 -24.356996536254883 -11.35720443725586 
-0.6328125 -0.09375 -15.809514045715332 -23.88081169128418 -24.5950870513916 -11.571487426757812 
-0.6328125 -0.09375 -15.99998664855957 -24.0712833404541 -24.809370040893555 -11.809578895568848 
-0.640625 -0.09375 -16.214269638061523 -24.261756896972656 -25.023653030395508 -12.023860931396484 
-0.625 -0.09375 -16.428550720214844 -24.47603988647461 -25.261743545532227 -12.26195240020752 
-0.6171875 -0.09375 -16.6190242767334 -24.666513442993164 -25.499835968017578 -12.500043869018555 
-0.6171875 -0.09375 -16.809497833251953 -24.880794525146484 -25.737926483154297 -12.714325904846191 
-0.625 -0.09375 -17.023778915405273 -25.07126808166504 -25.95220947265625 -12.928607940673828 
-0.5859375 -0.09375 -17.238061904907227 -25.285551071166992 -26.19029998779297 -13.142889976501465 
-0.6328125 -0.09375 -17.42853546142578 -25.476022720336914 -26.404582977294922 -13.357172966003418 
-0.640625 -0.09375 -17.6428165435791 -25.690305709838867 -26.618864059448242 -13.571455001831055 
-0.6484375 -0.1015625 -17.833290100097656 -25.880779266357422 -26.809337615966797 -13.785737037658691 
-0.6484375 -0.1015625 -18.04757308959961 -26.095060348510742 -27.047428131103516 -14.023828506469727 
-0.6484375 -0.1015625 -18.23804473876953 -26.309343338012695 -27.285520553588867 -14.261919975280762 
-0.625 -0.1015625 -18.452327728271484 -26.523624420166016 -27.523611068725586 -14.500011444091797 
-0.640625 -0.1015625 -18.666610717773438 -26.73790740966797 -27.761703491210938 -14.714293479919434 
-0.6484375 -0.1015625 -18.880891799926758 -26.952190399169922 -27.999794006347656 -14.92857551574707 
-0.6484375 -0.1015625 -19.09517478942871 -27.166471481323242 -28.237886428833008 -15.166666984558105 
-0.6171875 -0.1015625 -19.309457778930664 -27.380754470825195 -28.475976943969727 -15.40475845336914 
-0.65625 -0.1015625 -19.523738861083984 -27.595035552978516 -28.714069366455078 -15.642849922180176 
-0.640625 -0.1015625 -19.738021850585938 -27.80931854248047 -28.952159881591797 -15.857131958007812 
-0.6328125 -0.1015625 -19.952302932739258 -28.023601531982422 -29.16644287109375 -16.09522247314453 
-0.6484375 -0.1015625 -20.19039535522461 -28.237882614135742 -29.40453338623047 -16.333314895629883 
-0.640625 -0.1015625 -20.40467643737793 -28.475975036621094 -29.666433334350586 -16.5714054107666 
-0.640625 -0.1015625 -20.618959426879883 -28.690256118774414 -29.88071632385254 -16.809497833251953 
-0.640625 -0.1015625 -20.833242416381836 -28.904539108276367 -30.118806838989258 -17.047588348388672 
-0.6484375 -0.1015625 -21.071332931518555 -29.142629623413086 -30.35689926147461 -17.285680770874023 
-0.65625 -0.109375 -21.285615921020508 -29.35691261291504 -30.594989776611328 -17.499961853027344 
-0.65625 -0.109375 -21.499897003173828 -29.571195602416992 -30.83308219909668 -17.761863708496094 
-0.65625 -0.109375 -21.73798942565918 -29.80928611755371 -31.094982147216797 -17.999954223632812 
-0.6484375 -0.109375 -21.9522705078125 -30.023569107055664 -31.33307456970215 -18.23804473876953 
-0.6484375 -0.109375 -22.166553497314453 -30.237850189208984 -31.571165084838867 -18.476137161254883 
-0.65625 -0.1015625 -22.380834579467773 -30.475942611694336 -31.833065032958984 -18.7142276763916 
-0.65625 -0.1015625 -22.618927001953125 -30.690223693847656 -32.04734802246094 -18.952320098876953 
-0.6484375 -0.109375 -22.833209991455078 -30.928316116333008 -32.285438537597656 -19.190410614013672 
-0.65625 -0.109375 -23.0474910736084 -31.166406631469727 -32.523529052734375 -19.428503036499023 
-0.6640625 -0.1015625 -23.28558349609375 -31.38068962097168 -32.76162338256836 -19.666593551635742 
-0.6484375 -0.109375 -23.49986457824707 -31.6187801361084 -33.023521423339844 -19.904685974121094 
-0.6484375 -0.109375 -23.737957000732422 -31.83306312561035 -33.26161193847656 -20.16658592224121 
-0.6640625 -0.109375 -23.952238082885742 -32.0711555480957 -33.49970626831055 -20.40467643737793 
-0.6328125 -0.109375 -24.190330505371094 -32.28543472290039 -33.737796783447266 -20.64276885986328 
-0.640625 -0.109375 -24.404611587524414 -32.523529052734375 -33.999698638916016 -20.880859375 
-0.6171875 -0.109375 -24.642704010009766 -32.73780822753906 -34.237789154052734 -21.11895179748535 
-0.640625 -0.109375 -24.856985092163086 -32.97590255737305 -34.47587966918945 -21.35704231262207 
-0.65625 -0.109375 -25.07126808166504 -33.190181732177734 -34.71397018432617 -21.571325302124023 
-0.640625 -0.109375 -25.285551071166992 -33.40446472167969 -34.928253173828125 -21.809415817260742 
-0.640625 -0.109375 -25.52364158630371 -33.61874771118164 -35.166343688964844 -22.047508239746094 
-0.6484375 -0.109375 -25.76173210144043 -33.85683822631836 -35.40443420410156 -22.285598754882812 
-0.65625 -0.109375 -25.976015090942383 -34.07112121582031 -35.64252853393555 -22.523691177368164 
-0.65625 -0.109375 -26.190298080444336 -34.285404205322266 -35.880619049072266 -22.761781692504883 
-0.671875 -0.109375 -26.404579162597656 -34.523494720458984 -36.380611419677734 -23.023681640625 
-0.671875 -0.109375 -26.642671585083008 -34.73777770996094 -36.380611419677734 -23.26177406311035 
-0.6875 -0.109375 -26.856952667236328 -34.975868225097656 -36.61870193481445 -23.52367401123047 
-0.6875 -0.109375 -27.09504508972168 -35.213958740234375 -36.8806037902832 -23.761764526367188 
-0.6796875 -0.109375 -27.309326171875 -35.45205307006836 -37.14250183105469 -24.023666381835938 
-0.6875 -0.109375 -27.54741859436035 -35.69014358520508 -37.40440368652344 -24.285566329956055 
-0.6796875 -0.109375 -27.78550910949707 -35.9282341003418 -37.642494201660156 -24.547466278076172 
-0.6796875 -0.109375 -28.023601531982422 -36.166324615478516 -37.904396057128906 -24.785558700561523 
-0.6875 -0.109375 -28.26169204711914 -36.428226470947266 -38.42819595336914 -25.04745864868164 
-0.6953125 -0.109375 -28.499784469604492 -36.666316986083984 -38.42819595336914 -25.309358596801758 
-0.6796875 -0.109375 -28.76168441772461 -36.9044075012207 -38.69009780883789 -25.571260452270508 
-0.671875 -0.1171875 -28.999774932861328 -37.16630935668945 -38.951995849609375 -25.833160400390625 
-0.6796875 -0.109375 -29.261676788330078 -37.4282112121582 -39.23770523071289 -26.095060348510742 
-0.6875 -0.109375 -29.499767303466797 -37.66630172729492 -39.49960708618164 -26.356962203979492 
-0.6875 -0.1171875 -29.73785972595215 -37.92820358276367 -39.76150894165039 -26.61886215209961 
-0.6796875 -0.1171875 -29.999759674072266 -38.16629409790039 -40.023406982421875 -26.880762100219727 
-0.6796875 -0.1171875 -30.261659622192383 -38.428192138671875 -40.285308837890625 -27.166471481323242 
-0.6875 -0.1171875 -30.499752044677734 -38.690093994140625 -40.57101821899414 -27.452180862426758 
-0.6875 -0.1171875 -30.76165199279785 -38.928184509277344 -40.83292007446289 -27.714082717895508 
-0.6875 -0.1171875 -30.99974250793457 -39.190086364746094 -41.094818115234375 -27.975982666015625 
-0.6875 -0.1171875 -31.26164436340332 -39.42817687988281 -41.356719970703125 -28.26169204711914 
-0.6875 -0.1171875 -31.523544311523438 -39.69007873535156 -41.64242935180664 -28.523591995239258 
-0.6796875 -0.1171875 -31.761634826660156 -39.95197677612305 -41.90433120727539 -28.809303283691406 
-0.6875 -0.1171875 -32.023536682128906 -40.19007110595703 -42.166229248046875 -29.071203231811523 
-0.671875 -0.1171875 -32.28543472290039 -40.451969146728516 -42.451942443847656 -29.33310317993164 
-0.6640625 -0.1171875 -32.523529052734375 -40.713871002197266 -42.71384048461914 -29.618812561035156 
-0.6796875 -0.1171875 -32.78542709350586 -40.951961517333984 -42.97574234008789 -29.880714416503906 
-0.65625 -0.1171875 -33.023521423339844 -41.213863372802734 -43.261451721191406 -30.118804931640625 
-0.6484375 -0.1171875 -33.26161193847656 -41.45195388793945 -43.499542236328125 -30.380704879760742 
-0.6640625 -0.1171875 -33.52350997924805 -41.7138557434082 -43.761444091796875 -30.642606735229492 
-0.6640625 -0.1171875 -33.76160430908203 -41.95194625854492 -43.999534606933594 -30.88069725036621 
-0.6640625 -0.1171875 -33.99969482421875 -42.19003677368164 -44.261436462402344 -31.142597198486328 
-0.65625 -0.1171875 -34.23778533935547 -42.45193862915039 -44.52333450317383 -31.404499053955078 
-0.6328125 -0.1171875 -34.49968719482422 -42.69002914428711 -44.78523635864258 -31.642589569091797 
-0.65625 -0.125 -34.73777770996094 -42.92811965942383 -45.04713821411133 -31.904489517211914 
-0.6640625 -0.1171875 -34.975868225097656 -43.16621017456055 -45.28522872924805 -32.142581939697266 
-0.6640625 -0.125 -35.19015121459961 -43.40430450439453 -45.523319244384766 -32.380672454833984 
-0.6328125 -0.125 -35.42824172973633 -43.64239501953125 -45.785247802734375 -32.642574310302734 
-0.625 -0.125 -35.66633224487305 -43.88048553466797 -46.04718017578125 -32.90447235107422 
-0.625 -0.125 -35.90442657470703 -44.11857604980469 -46.28529739379883 -33.1425666809082 
-0.6484375 -0.125 -36.11870574951172 -44.33285903930664 -46.52341842651367 -33.38065719604492 
-0.65625 -0.125 -36.33298873901367 -44.57094955444336 -46.73772430419922 -33.61874771118164 
-0.6640625 -0.1328125 -36.547271728515625 -44.78523254394531 -46.9758415222168 -33.85683822631836 
-0.6640625 -0.125 -36.785362243652344 -45.02332305908203 -47.213958740234375 -34.11874008178711 
-0.6484375 -0.125 -37.02345657348633 -45.261417388916016 -47.47589111328125 -34.38064193725586 
-0.6796875 -0.125 -37.26154708862305 -45.499507904052734 -47.73781967163086 -34.642539978027344 
-0.6796875 -0.125 -37.475830078125 -45.71381378173828 -47.9759407043457 -34.904441833496094 
-0.6953125 -0.125 -37.71392059326172 -45.95193099975586 -48.21405792236328 -35.166343688964844 
-0.6953125 -0.125 -37.95201110839844 -46.1900520324707 -48.49980163574219 -35.42824172973633 
-0.6796875 -0.125 -38.16629409790039 -46.42816925048828 -48.7617301940918 -35.713951110839844 
-0.6875 -0.125 -38.40438461303711 -46.66628646850586 -49.0474739074707 -35.975852966308594 
-0.6953125 -0.125 -38.64247512817383 -46.9044075012207 -49.30940246582031 -36.21394348144531 
-0.6953125 -0.125 -38.88056564331055 -47.14252471923828 -49.547523498535156 -36.49965286254883 
-0.6953125 -0.125 -39.11865997314453 -47.404457092285156 -49.809452056884766 -36.76155471801758 
-0.6953125 -0.125 -39.35675048828125 -47.666385650634766 -50.071380615234375 -37.02345657348633 
-0.6953125 -0.125 -39.59484100341797 -47.904502868652344 -50.33331298828125 -37.28535461425781 
-0.6953125 -0.125 -39.85674285888672 -48.16643524169922 -50.619056701660156 -37.54725646972656 
-0.6953125 -0.125 -40.09483337402344 -48.4045524597168 -50.880985260009766 -37.83296585083008 
-0.6953125 -0.125 -40.35673522949219 -48.66648483276367 -51.16672897338867 -38.09486770629883 
-0.6875 -0.125 -40.61863327026367 -48.92841339111328 -51.42865753173828 -38.380577087402344 
-0.6796875 -0.125 -40.88053512573242 -49.190345764160156 -51.690589904785156 -38.64247512817383 
-0.6875 -0.125 -41.11862564086914 -49.452274322509766 -51.9763298034668 -38.90437698364258 
-0.6953125 -0.125 -41.38052749633789 -49.714202880859375 -52.23826217651367 -39.190086364746094 
-0.6953125 -0.125 -41.642425537109375 -49.97613525390625 -52.50019073486328 -39.451988220214844 
-0.6953125 -0.125 -41.904327392578125 -50.21425247192383 -52.78593444824219 -39.73769760131836 
-0.6875 -0.125 -42.166229248046875 -50.4761848449707 -53.07167434692383 -40.023406982421875 
-0.6953125 -0.125 -42.404319763183594 -50.761924743652344 -53.3336067199707 -40.28530502319336 
-0.6953125 -0.125 -42.666221618652344 -51.02385711669922 -53.619346618652344 -40.571014404296875 
-0.6953125 -0.125 -42.92811965942383 -51.2619743347168 -53.90509033203125 -40.856727600097656 
-0.6953125 -0.125 -43.19002151489258 -51.52390670776367 -54.16701889038086 -41.11862564086914 
-0.6875 -0.125 -43.4281120300293 -51.78583526611328 -54.452762603759766 -41.404335021972656 
-0.6875 -0.125 -43.69001388549805 -52.047767639160156 -54.73850631713867 -41.69004440307617 
-0.6875 -0.125 -43.95191192626953 -52.309696197509766 -55.00043487548828 -41.95194625854492 
-0.6875 -0.125 -44.21381378173828 -52.57162857055664 -55.28617858886719 -42.21384811401367 
-0.6875 -0.125 -44.47571563720703 -52.83355712890625 -55.5481071472168 -42.49955749511719 
-0.6875 -0.125 -44.737613677978516 -53.09548568725586 -55.8338508605957 -42.76145553588867 
-0.6796875 -0.125 -44.9757080078125 -53.3336067199707 -56.09577941894531 -43.04716491699219 
-0.6796875 -0.125 -45.261417388916016 -53.59553527832031 -56.35771179199219 -43.30906677246094 
-0.6796875 -0.125 -45.499507904052734 -53.85746765136719 -56.64345169067383 -43.59477615356445 
-0.6796875 -0.125 -45.761436462402344 -54.095584869384766 -56.9053840637207 -43.8566780090332 
-0.6796875 -0.125 -46.02336883544922 -54.35751724243164 -57.16731262207031 -44.11857604980469 
-0.6875 -0.125 -46.2614860534668 -54.61944580078125 -57.42924499511719 -44.38047790527344 
-0.6875 -0.125 -46.52341842651367 -54.85756301879883 -57.6911735534668 -44.66618728637695 
-0.6875 -0.125 -46.76153564453125 -55.1194953918457 -57.9769172668457 -44.9280891418457 
-0.6875 -0.125 -47.02346420288086 -55.38142395019531 -58.23884582519531 -45.21379852294922 
-0.6796875 -0.125 -47.285396575927734 -55.64335632324219 -58.52458953857422 -45.4756965637207 
-0.6796875 -0.125 -47.52351379394531 -55.881473541259766 -58.81032943725586 -45.73762512207031 
-0.6796875 -0.125 -47.78544616699219 -56.14340591430664 -59.072261810302734 -45.99955749511719 
-0.6796875 -0.125 -48.023563385009766 -56.38152313232422 -59.334190368652344 -46.28529739379883 
-0.6796875 -0.125 -48.285491943359375 -56.64345169067383 -59.61993408203125 -46.5472297668457 
-0.6796875 -0.125 -48.52361297607422 -56.9053840637207 -59.88186264038086 -46.80915832519531 
-0.6796875 -0.125 -48.78554153442383 -57.14350128173828 -60.143795013427734 -47.07109069824219 
-0.6875 -0.125 -49.02366256713867 -57.405433654785156 -60.405723571777344 -47.3330192565918 
-0.6875 -0.125 -49.28559112548828 -57.643550872802734 -60.69146728515625 -47.6187629699707 
-0.6875 -0.125 -49.52370834350586 -57.905479431152344 -60.95339584350586 -47.88069152832031 
-0.6953125 -0.125 -49.785640716552734 -58.16741180419922 -61.215328216552734 -48.16643524169922 
-0.6953125 -0.125 -50.02375793457031 -58.4055290222168 -61.50107192993164 -48.42836380004883 
-0.6953125 -0.125 -50.28569030761719 -58.66746139526367 -61.76300048828125 -48.6902961730957 
-0.6953125 -0.125 -50.523807525634766 -58.92938995361328 -62.048744201660156 -48.976036071777344 
-0.6953125 -0.125 -50.78573989868164 -59.16750717163086 -62.3344841003418 -49.26177978515625 
-0.6953125 -0.125 -51.04766845703125 -59.429439544677734 -62.59641647338867 -49.52370834350586 
-0.703125 -0.125 -51.28578567504883 -59.691368103027344 -62.88215637207031 -49.809452056884766 
-0.703125 -0.125 -51.5477180480957 -59.95330047607422 -63.16790008544922 -50.071380615234375 
-0.703125 -0.125 -51.80964660644531 -60.21522903442383 -63.453643798828125 -50.35712432861328 
-0.6953125 -0.125 -52.07157897949219 -60.4771614074707 -63.739383697509766 -50.64286804199219 
-0.6953125 -0.125 -52.309696197509766 -60.73908996582031 -64.0251235961914 -50.9047966003418 
-0.6953125 -0.125 -52.57162857055664 -61.00102233886719 -64.31086730957031 -51.1905403137207 
-0.703125 -0.125 -52.83355712890625 -61.2629508972168 -64.57279968261719 -51.476280212402344 
-0.6953125 -0.125 -53.09548568725586 -61.52488327026367 -64.8585433959961 -51.73821258544922 
-0.6953125 -0.125 -53.357418060302734 -61.78681182861328 -65.12046813964844 -52.02395248413086 
-0.6953125 -0.125 -53.59553527832031 -62.048744201660156 -65.40621185302734 -52.309696197509766 
-0.703125 -0.125 -53.85746765136719 -62.310672760009766 -65.66814422607422 -52.59543991088867 
-0.703125 -0.125 -54.1193962097168 -62.59641647338867 -65.95388793945312 -52.88117980957031 
-0.703125 -0.125 -54.38132858276367 -62.85834503173828 -66.23963165283203 -53.16692352294922 
-0.6953125 -0.125 -54.64325714111328 -63.120277404785156 -66.5253677368164 -53.45266342163086 
-0.6953125 -0.125 -54.905189514160156 -63.382205963134766 -66.81111145019531 -53.738407135009766 
-0.6953125 -0.125 -55.167118072509766 -63.66794967651367 -67.07304382324219 -54.00033950805664 
-0.6953125 -0.125 -55.42905044555664 -63.92987823486328 -67.64453125 -54.28607940673828 
-0.6953125 -0.125 -55.69097900390625 -64.19181060791016 -67.93026733398438 -54.57182312011719 
-0.6953125 -0.125 -55.976722717285156 -64.47755432128906 -67.93026733398438 -54.85756301879883 
-0.6953125 -0.125 -56.238651275634766 -64.7394790649414 -68.19219970703125 -55.143306732177734 
-0.6953125 -0.125 -56.50058364868164 -65.02522277832031 -68.47794342041016 -55.42905044555664 
-0.6953125 -0.125 -56.76251220703125 -65.28715515136719 -68.76368713378906 -55.69097900390625 
-0.6953125 -0.125 -57.02444076538086 -65.5728988647461 -69.0256118774414 -55.976722717285156 
-0.6953125 -0.125 -57.286373138427734 -65.85863494873047 -69.31135559082031 -56.2624626159668 
-0.6953125 -0.125 -57.548301696777344 -66.14437866210938 -69.59709930419922 -56.5482063293457 
-0.6953125 -0.125 -57.78642272949219 -66.40631103515625 -69.8590316772461 -56.833946228027344 
-0.6875 -0.125 -58.0483512878418 -66.69205474853516 -70.144775390625 -57.11968994140625 
-0.6875 -0.125 -58.31028366088867 -66.97779846191406 -70.43051147460938 -57.405433654785156 
-0.6875 -0.125 -58.57221221923828 -67.2397232055664 -70.69244384765625 -57.667362213134766 
-0.6875 -0.125 -58.81032943725586 -67.52546691894531 -70.97818756103516 -57.92929458618164 
-0.6796875 -0.125 -59.072261810302734 -67.78739929199219 -71.24011993408203 -58.21503448486328 
-0.6796875 -0.125 -59.334190368652344 -68.02552032470703 -71.5258560180664 -58.476966857910156 
-0.6875 -0.125 -59.59612274169922 -68.28744506835938 -71.78778839111328 -58.7627067565918 
-0.6875 -0.125 -59.8342399597168 -68.54937744140625 -72.04972076416016 -59.02463912963867 
-0.6875 -0.125 -60.09617233276367 -68.83512115478516 -72.31165313720703 -59.28656768798828 
-0.6875 -0.125 -60.33428955078125 -69.09705352783203 -72.5973892211914 -59.57231140136719 
-0.6875 -0.125 -60.59621810913086 -69.33516693115234 -72.85932159423828 -59.8342399597168 
-0.6875 -0.125 -60.8343391418457 -69.59709930419922 -73.12125396728516 -60.1199836730957 
-0.6875 -0.125 -61.09626770019531 -69.88284301757812 -73.40699768066406 -60.38191223144531 
-0.6875 -0.125 -61.334388732910156 -70.144775390625 -73.6689224243164 -60.66765594482422 
-0.6875 -0.125 -61.596317291259766 -70.40670013427734 -73.95466613769531 -60.92958450317383 
-0.6875 -0.125 -61.834434509277344 -70.69244384765625 -74.21659851074219 -61.1915168762207 
-0.6875 -0.125 -62.09636688232422 -70.95437622070312 -74.47853088378906 -61.477256774902344 
-0.6953125 -0.125 -62.3344841003418 -71.21630859375 -74.76426696777344 -61.73918914794922 
-0.6953125 -0.125 -62.57260513305664 -71.47823333740234 -75.02619934082031 -62.00111770629883 
-0.6953125 -0.125 -62.83453369140625 -71.74016571044922 -75.31194305419922 -62.286861419677734 
-0.6953125 -0.125 -63.07265090942383 -72.0020980834961 -75.59768676757812 -62.57260513305664 
-0.6953125 -0.125 -63.3345832824707 -72.26402282714844 -75.859619140625 -62.83453369140625 
-0.6953125 -0.125 -63.59651184082031 -72.52595520019531 -76.14535522460938 -63.120277404785156 
-0.6953125 -0.125 -63.834632873535156 -72.76407623291016 -76.43109893798828 -63.382205963134766 
-0.6953125 -0.125 -64.09656524658203 -73.02600860595703 -76.69303131103516 -63.66794967651367 
-0.6875 -0.125 -64.33467864990234 -73.28793334960938 -76.97877502441406 -63.92987823486328 
-0.6875 -0.125 -64.59661102294922 -73.54986572265625 -77.26451110839844 -64.21562194824219 
-0.6875 -0.125 -64.8585433959961 -73.81179809570312 -77.52644348144531 -64.5013656616211 
-0.6875 -0.125 -65.12046813964844 -74.07373046875 -77.78837585449219 -64.76329040527344 
-0.6875 -0.125 -65.35858917236328 -74.31184387207031 -78.0741195678711 -65.02522277832031 
-0.6875 -0.125 -65.62052154541016 -74.57377624511719 -78.33604431152344 -65.31096649169922 
-0.6875 -0.125 -65.88245391845703 -74.83570861816406 -78.59797668457031 -65.5728988647461 
-0.6875 -0.125 -66.14437866210938 -75.0976333618164 -78.88372039794922 -65.85863494873047 
-0.6875 -0.125 -66.40631103515625 -75.33575439453125 -79.1456527709961 -66.12056732177734 
-0.6875 -0.125 -66.6444320678711 -75.59768676757812 -79.40757751464844 -66.40631103515625 
-0.6875 -0.125 -66.90635681152344 -75.859619140625 -79.69332122802734 -66.66824340820312 
-0.6875 -0.125 -67.14447784423828 -76.12154388427734 -79.95525360107422 -66.95398712158203 
-0.6875 -0.125 -67.40641021728516 -76.38347625732422 -80.2171859741211 -67.21591186523438 
-0.6875 -0.125 -67.64453125 -76.62159729003906 -80.5029296875 -67.50165557861328 
-0.6875 -0.125 -67.90645599365234 -76.8835220336914 -80.76485443115234 -67.76358795166016 
-0.6875 -0.125 -68.16838836669922 -77.14545440673828 -81.05059814453125 -68.02552032470703 
-0.671875 -0.125 -68.40650939941406 -77.38357543945312 -81.31253051757812 -68.3112564086914 
-0.6640625 -0.125 -68.6684341430664 -77.6455078125 -81.59827423095703 -68.59700012207031 
-0.6640625 -0.125 -68.90655517578125 -77.90743255615234 -81.86019897460938 -68.83512115478516 
-0.6640625 -0.125 -69.16848754882812 -78.14555358886719 -82.12213134765625 -69.09705352783203 
-0.6796875 -0.125 -69.40660095214844 -78.40748596191406 -82.3602523803711 -69.35897827148438 
-0.2890625 -0.125 -69.66853332519531 -78.64559936523438 -82.62217712402344 -69.62091064453125 
-0.5859375 -0.1015625 -69.90665435791016 -78.90753173828125 -82.88410949707031 -69.8590316772461 
-0.578125 0.0 -70.0971450805664 -79.09803009033203 -83.12223052978516 -69.93046569824219 
-0.125 0.0 -70.144775390625 -79.1456527709961 -83.19366455078125 -70.16858673095703 
0.0 0.0 -70.38288879394531 -79.35995483398438 -83.40797424316406 -70.38288879394531 
0.0 0.0 -70.52576446533203 -79.52664184570312 -83.59846496582031 -70.4543228149414 
0.0 0.0 -70.64482116699219 -79.59807586669922 -83.64608764648438 -70.47813415527344 
0.0 0.0 -70.78768920898438 -79.66950988769531 -83.64608764648438 -70.501953125 
0.0 0.0 -70.859130859375 -79.71713256835938 -83.62227630615234 -70.52576446533203 
0.0 0.0 -70.9305648803711 -79.76475524902344 -83.64608764648438 -70.52576446533203 
0.0 0.0 -70.97818756103516 -79.78857421875 -83.6698989868164 -70.52576446533203 
0.0 0.0 -70.97818756103516 -79.78857421875 -83.69371032714844 -70.52576446533203 
0.0 0.0 -70.97818756103516 -79.78857421875 -83.717529296875 -70.52576446533203 
0.0 0.0 -70.97818756103516 -79.78857421875 -83.69371032714844 -70.52576446533203 
0.0 0.0 -70.95437622070312 -79.76475524902344 -83.69371032714844 -70.52576446533203 
0.0 0.0 -70.9305648803711 -79.76475524902344 -83.69371032714844 -70.52576446533203 
0.0 0.0 -70.9305648803711 -79.76475524902344 -83.6698989868164 -70.52576446533203 
0.0 0.0 -70.90675354003906 -79.76475524902344 -83.6698989868164 -70.52576446533203 
0.0 0.0 -70.90675354003906 -79.76475524902344 -83.6698989868164 -70.52576446533203 
0.0 0.0 -70.90675354003906 -79.76475524902344 -83.6698989868164 -70.52576446533203 
0.0 0.0 -70.90675354003906 -79.76475524902344 -83.6698989868164 -70.52576446533203 
0.0 0.0 -70.90675354003906 -79.76475524902344 -83.6698989868164 -70.52576446533203 
0.0 0.0 -70.90675354003906 -79.76475524902344 -83.6698989868164 -70.52576446533203 
0.0 0.0 -70.90675354003906 -79.76475524902344 -83.6698989868164 -70.52576446533203 
0.0 0.0 -70.90675354003906 -79.76475524902344 -83.6698989868164 -70.52576446533203 
0.0 0.0 -70.90675354003906 -79.76475524902344 -83.6698989868164 -70.52576446533203 
0.0 0.0 -70.90675354003906 -79.76475524902344 -83.6698989868164 -70.52576446533203 
0.0 0.0 -70.90675354003906 -79.76475524902344 -83.6698989868164 -70.52576446533203 
0.0 0.0 -70.90675354003906 -79.76475524902344 -83.6698989868164 -70.52576446533203 
0.0 0.0 -70.9305648803711 -79.76475524902344 -83.6698989868164 -70.52576446533203 
0.0 0.0 -70.9305648803711 -79.76475524902344 -83.6698989868164 -70.52576446533203 
0.0 0.0 -70.9305648803711 -79.76475524902344 -83.6698989868164 -70.52576446533203 
0.0 0.0 -70.9305648803711 -79.76475524902344 -83.6698989868164 -70.52576446533203 
0.0 0.0 -70.9305648803711 -79.76475524902344 -83.6698989868164 -70.52576446533203 
0.0 0.0 -70.9305648803711 -79.76475524902344 -83.6698989868164 -70.52576446533203 
0.0 0.0 -70.9305648803711 -79.76475524902344 -83.6698989868164 -70.52576446533203 
0.0 0.0 -70.9305648803711 -79.76475524902344 -83.6698989868164 -70.52576446533203 
0.0 0.0 -70.9305648803711 -79.76475524902344 -83.6698989868164 -70.52576446533203 
0.0 0.0 -70.9305648803711 -79.76475524902344 -83.6698989868164 -70.52576446533203 
0.0 0.0 -70.9305648803711 -79.76475524902344 -83.6698989868164 -70.52576446533203 
0.0 0.0 -70.9305648803711 -79.76475524902344 -83.6698989868164 -70.52576446533203 
0.0 0.0 -70.9305648803711 -79.78857421875 -83.6698989868164 -70.52576446533203 
0.0 0.0 -70.9305648803711 -79.78857421875 -83.6698989868164 -70.52576446533203 
0.0 0.0 -70.9305648803711 -79.78857421875 -83.6698989868164 -70.52576446533203 
0.0 0.0 -70.9305648803711 -79.78857421875 -83.6698989868164 -70.52576446533203 
0.0 0.0 -70.9305648803711 -79.78857421875 -83.6698989868164 -70.52576446533203 
0.0 0.0 -70.9305648803711 -79.78857421875 -83.6698989868164 -70.52576446533203 
0.0 0.0 -70.9305648803711 -79.78857421875 -83.6698989868164 -70.52576446533203 
0.0 0.0 -70.9305648803711 -79.78857421875 -83.6698989868164 -70.52576446533203 
0.0 0.0 -70.9305648803711 -79.78857421875 -83.6698989868164 -70.52576446533203 
0.0 0.0 -70.9305648803711 -79.78857421875 -83.6698989868164 -70.52576446533203 
0.0 0.0 -70.9305648803711 -79.78857421875 -83.6698989868164 -70.52576446533203 
0.0 0.0 -70.9305648803711 -79.78857421875 -83.6698989868164 -70.52576446533203 
0.0 0.0 -70.9305648803711 -79.78857421875 -83.6698989868164 -70.52576446533203 
0.0 0.0 -70.9305648803711 -79.78857421875 -83.6698989868164 -70.52576446533203 
0.0 0.0 -70.9305648803711 -79.78857421875 -83.6698989868164 -70.52576446533203 
0.0 0.0 -70.9305648803711 -79.78857421875 -83.6698989868164 -70.52576446533203 
0.0 0.0 -70.9305648803711 -79.78857421875 -83.6698989868164 -70.52576446533203 
0.0 0.0 -70.9305648803711 -79.78857421875 -83.6698989868164 -70.52576446533203 
0.0 0.0 -70.9305648803711 -79.78857421875 -83.6698989868164 -70.52576446533203 
0.0 0.0 -70.9305648803711 -79.78857421875 -83.6698989868164 -70.52576446533203 
0.0 0.0 -70.9305648803711 -79.78857421875 -83.6698989868164 -70.52576446533203 
0.0 0.0 -70.9305648803711 -79.78857421875 -83.6698989868164 -70.52576446533203 
0.0 0.0 -70.9305648803711 -79.78857421875 -83.6698989868164 -70.52576446533203 
0.0 0.0 -70.9305648803711 -79.78857421875 -83.6698989868164 -70.52576446533203 
0.0 0.0 -70.9305648803711 -79.78857421875 -83.6698989868164 -70.52576446533203 
0.0 0.0 -70.9305648803711 -79.78857421875 -83.6698989868164 -70.52576446533203 
0.007874015718698502 0.0 -70.9305648803711 -79.78857421875 -83.6698989868164 -70.52576446533203 
0.0 0.0 -70.9305648803711 -79.78857421875 -83.6698989868164 -70.52576446533203 
0.007874015718698502 0.0 -70.9305648803711 -79.78857421875 -83.6698989868164 -70.52576446533203 
0.007874015718698502 0.0 -70.9305648803711 -79.78857421875 -83.6698989868164 -70.52576446533203 
0.007874015718698502 0.0 -70.9305648803711 -79.78857421875 -83.6698989868164 -70.52576446533203 
0.08661417663097382 0.0 -70.9305648803711 -79.78857421875 -83.6698989868164 -70.52576446533203 
0.11023622006177902 0.0 -70.9305648803711 -79.78857421875 -83.6698989868164 -70.52576446533203 
0.11023622006177902 0.0 -70.9305648803711 -79.78857421875 -83.6698989868164 -70.52576446533203 
0.14960630238056183 0.0 -70.9305648803711 -79.78857421875 -83.6698989868164 -70.52576446533203 
0.14960630238056183 0.0 -70.9305648803711 -79.78857421875 -83.6698989868164 -70.52576446533203 
0.17322835326194763 0.0 -70.9305648803711 -79.78857421875 -83.6698989868164 -70.52576446533203 
0.18897637724876404 0.0 -70.9305648803711 -79.76475524902344 -83.64608764648438 -70.52576446533203 
0.19685038924217224 0.0 -70.9305648803711 -79.76475524902344 -83.64608764648438 -70.501953125 
0.19685038924217224 0.0 -70.9305648803711 -79.76475524902344 -83.62227630615234 -70.501953125 
0.19685038924217224 0.0 -70.90675354003906 -79.76475524902344 -83.62227630615234 -70.47813415527344 
0.22047244012355804 0.0 -70.90675354003906 -79.7409439086914 -83.59846496582031 -70.47813415527344 
0.22047244012355804 0.0 -70.90675354003906 -79.7409439086914 -83.59846496582031 -70.4543228149414 
0.22047244012355804 0.0 -70.88294219970703 -79.71713256835938 -83.59846496582031 -70.4543228149414 
0.22834645211696625 0.0 -70.88294219970703 -79.69332122802734 -83.57465362548828 -70.43051147460938 
0.24409449100494385 0.0 -70.859130859375 -79.69332122802734 -83.57465362548828 -70.40670013427734 
0.25984251499176025 0.0 -70.83531188964844 -79.66950988769531 -83.55084228515625 -70.40670013427734 
0.25984251499176025 0.0 -70.83531188964844 -79.66950988769531 -83.55084228515625 -70.38288879394531 
0.28346458077430725 0.0 -70.8115005493164 -79.64569854736328 -83.52703094482422 -70.35907745361328 
0.29133859276771545 0.0 -70.8115005493164 -79.62188720703125 -83.50321960449219 -70.33526611328125 
0.29133859276771545 0.0 -70.76387786865234 -79.59807586669922 -83.47940826416016 -70.31145477294922 
0.30708661675453186 0.0 -70.74006652832031 -79.57426452636719 -83.45559692382812 -70.28764343261719 
0.31496062874794006 0.0 -70.71625518798828 -79.55045318603516 -83.4317855834961 -70.24002075195312 
0.33070865273475647 0.0 -70.69244384765625 -79.52664184570312 -83.38416290283203 -70.2162094116211 
0.33070865273475647 0.0 -70.64482116699219 -79.47901916503906 -83.3603515625 -70.16858673095703 
0.3385826647281647 0.0 -70.59719848632812 -79.45520782470703 -83.3127212524414 -70.12095642089844 
0.3385826647281647 0.0 -70.5733871459961 -79.40757751464844 -83.26509857177734 -70.07333374023438 
0.34645670652389526 0.0 -70.501953125 -79.35995483398438 -83.19366455078125 -70.02571105957031 
0.34645670652389526 0.0 -70.4543228149414 -79.31233215332031 -83.14604187011719 -69.97808837890625 
0.35433071851730347 0.0 -70.40670013427734 -79.24089813232422 -83.0746078491211 -69.90665435791016 
0.36220473051071167 0.0 -70.35907745361328 -79.19327545166016 -83.02698516845703 -69.8590316772461 
0.3779527544975281 0.0 -70.28764343261719 -79.1456527709961 -82.9555435180664 -69.78759765625 
0.3858267664909363 0.0 -70.24002075195312 -79.07421875 -82.88410949707031 -69.71615600585938 
0.3858267664909363 0.0 -70.16858673095703 -79.0265884399414 -82.81267547607422 -69.64472198486328 
0.3937007784843445 0.0 -70.0971450805664 -78.95515441894531 -82.74124145507812 -69.57328796386719 
0.3937007784843445 0.0 -70.02571105957031 -78.88372039794922 -82.66980743408203 -69.5018539428711 
0.4015747904777527 0.0 -69.95427703857422 -78.81228637695312 -82.5983657836914 -69.430419921875 
0.4015747904777527 0.0 -69.88284301757812 -78.74085235595703 -82.52693176269531 -69.35897827148438 
0.4015747904777527 0.0 -69.81140899658203 -78.6694107055664 -82.43168640136719 -69.26373291015625 
0.4015747904777527 0.0 -69.7399673461914 -78.57416534423828 -82.33644104003906 -69.19229888916016 
0.4015747904777527 0.0 -69.64472198486328 -78.50273132324219 -82.26499938964844 -69.09705352783203 
0.4251968562602997 0.0 -69.57328796386719 -78.4312973022461 -82.16975402832031 -69.0256118774414 
0.4409448802471161 0.0 -69.5018539428711 -78.33604431152344 -82.07450866699219 -68.93036651611328 
0.4566929042339325 0.0 -69.40660095214844 -78.26461029052734 -82.0030746459961 -68.83512115478516 
0.4566929042339325 0.0 -69.31135559082031 -78.16936492919922 -81.8840103149414 -68.73987579345703 
0.4724409580230713 0.0 -69.23992156982422 -78.09793090820312 -81.78876495361328 -68.64462280273438 
0.4724409580230713 0.0 -69.12086486816406 -78.002685546875 -81.66970825195312 -68.54937744140625 
0.4724409580230713 0.0 -69.0256118774414 -77.90743255615234 -81.574462890625 -68.4303207397461 
0.4803149700164795 0.0 -68.93036651611328 -77.78837585449219 -81.45539855957031 -68.3112564086914 
0.4881889820098877 0.0 -68.83512115478516 -77.69313049316406 -81.33634185791016 -68.19219970703125 
0.5039370059967041 0.0 -68.716064453125 -77.57406616210938 -81.21728515625 -68.0731430053711 
0.4960629940032959 0.0 -68.59700012207031 -77.45500946044922 -81.09822082519531 -67.9540786743164 
0.5118110179901123 0.0 -68.47794342041016 -77.33595275878906 -80.97916412353516 -67.83502197265625 
0.5118110179901123 0.0 -68.35888671875 -77.21688842773438 -80.83628845214844 -67.7159652709961 
0.5118110179901123 0.0 -68.21601104736328 -77.09783172607422 -80.69342041015625 -67.57308959960938 
0.5118110179901123 0.0 -68.09695434570312 -76.95496368408203 -80.55055236816406 -67.43022155761719 
0.5118110179901123 0.0 -67.9540786743164 -76.83589935302734 -80.40767669677734 -67.287353515625 
0.5118110179901123 0.0 -67.83502197265625 -76.69303131103516 -80.26480865478516 -67.14447784423828 
0.5118110179901123 0.0 -67.69215393066406 -76.573974609375 -80.0981216430664 -67.0016098022461 
0.5118110179901123 0.0 -67.54927825927734 -76.43109893798828 -79.95525360107422 -66.85873413085938 
0.5118110179901123 0.0 -67.40641021728516 -76.2882308959961 -79.81238555908203 -66.71586608886719 
0.5118110179901123 0.0 -67.287353515625 -76.1691665649414 -79.66950988769531 -66.572998046875 
0.5039370059967041 0.0 -67.14447784423828 -76.02629852294922 -79.5028305053711 -66.43012237548828 
0.5118110179901123 0.0 -67.0016098022461 -75.88343048095703 -79.35995483398438 -66.2872543334961 
0.5118110179901123 0.0 -66.85873413085938 -75.74055480957031 -79.21708679199219 -66.14437866210938 
0.5118110179901123 0.0 -66.71586608886719 -75.62149810791016 -79.05039978027344 -66.00151062011719 
0.5118110179901123 0.0 -66.59680938720703 -75.47862243652344 -78.90753173828125 -65.85863494873047 
0.5118110179901123 0.0 -66.45393371582031 -75.33575439453125 -78.76466369628906 -65.71576690673828 
0.5039370059967041 0.0 -66.31106567382812 -75.19288635253906 -78.59797668457031 -65.5728988647461 
0.5039370059967041 0.0 -66.1681900024414 -75.07382202148438 -78.45510864257812 -65.43002319335938 
0.5039370059967041 0.0 -66.04913330078125 -74.93095397949219 -78.3122329711914 -65.31096649169922 
0.5118110179901123 0.0 -65.90626525878906 -74.81189727783203 -78.16936492919922 -65.16809844970703 
0.5039370059967041 0.0 -65.76338958740234 -74.66902160644531 -78.002685546875 -65.02522277832031 
0.5118110179901123 0.0 -65.62052154541016 -74.52615356445312 -77.85980987548828 -64.88235473632812 
0.5118110179901123 0.0 -65.50145721435547 -74.40708923339844 -77.7169418334961 -64.7394790649414 
0.5118110179901123 0.0 -65.38240051269531 -74.26422119140625 -77.57406616210938 -64.59661102294922 
0.5118110179901123 0.0 -65.23953247070312 -74.1451644897461 -77.43119812011719 -64.45374298095703 
0.5118110179901123 0.0 -65.0966567993164 -74.00228881835938 -77.288330078125 -64.31086730957031 
0.5118110179901123 0.0 -64.97760009765625 -73.88323211669922 -77.12164306640625 -64.16799926757812 
0.5118110179901123 0.0 -64.83473205566406 -73.74036407470703 -76.97877502441406 -64.0251235961914 
0.5118110179901123 0.0 -64.71566772460938 -73.62129974365234 -76.85971069335938 -63.88225555419922 
0.5118110179901123 0.0 -64.57279968261719 -73.47843170166016 -76.69303131103516 -63.7631950378418 
0.5118110179901123 0.0 -64.42992401123047 -73.359375 -76.55015563964844 -63.620323181152344 
0.5118110179901123 0.0 -64.31086730957031 -73.21649932861328 -76.40728759765625 -63.477455139160156 
0.5118110179901123 0.0 -64.16799926757812 -73.09744262695312 -76.26441955566406 -63.3345832824707 
0.5118110179901123 0.0 -64.04893493652344 -72.9545669555664 -76.12154388427734 -63.19171142578125 
0.5118110179901123 0.0 -63.90606689453125 -72.83551025390625 -75.97867584228516 -63.0488395690918 
0.5118110179901123 0.0 -63.7631950378418 -72.69264221191406 -75.83580017089844 -62.905967712402344 
0.5118110179901123 0.0 -63.620323181152344 -72.57357788085938 -75.66912078857422 -62.763099670410156 
0.5118110179901123 0.0 -63.50126647949219 -72.43070983886719 -75.52625274658203 -62.6202278137207 
0.5118110179901123 0.0 -63.358394622802734 -72.287841796875 -75.38337707519531 -62.47735595703125 
0.5118110179901123 0.0 -63.23933410644531 -72.16877746582031 -75.24050903320312 -62.3344841003418 
0.5118110179901123 0.0 -63.096466064453125 -72.02590942382812 -75.07382202148438 -62.191612243652344 
0.5118110179901123 0.0 -62.95359420776367 -71.8830337524414 -74.93095397949219 -62.048744201660156 
0.5118110179901123 0.0 -62.83453369140625 -71.76397705078125 -74.7880859375 -61.9058723449707 
0.5039370059967041 0.0 -62.6916618347168 -71.62110900878906 -74.64521026611328 -61.76300048828125 
0.5039370059967041 0.0 -62.548789978027344 -71.47823333740234 -74.5023422241211 -61.6201286315918 
0.5039370059967041 0.0 -62.42973327636719 -71.35917663574219 -74.33565521240234 -61.50107192993164 
0.5039370059967041 0.0 -62.286861419677734 -71.21630859375 -74.19278717041016 -61.35820007324219 
0.5039370059967041 0.0 -62.14398956298828 -71.09724426269531 -74.04991149902344 -61.215328216552734 
0.5039370059967041 0.0 -62.024932861328125 -70.95437622070312 -73.90704345703125 -61.07245635986328 
0.5039370059967041 0.0 -61.88206100463867 -70.83531188964844 -73.76417541503906 -60.95339584350586 
0.5039370059967041 0.0 -61.76300048828125 -70.69244384765625 -73.62129974365234 -60.81052780151367 
0.5039370059967041 0.0 -61.6201286315918 -70.5733871459961 -73.47843170166016 -60.66765594482422 
0.5039370059967041 0.0 -61.50107192993164 -70.43051147460938 -73.33555603027344 -60.524784088134766 
0.5039370059967041 0.0 -61.35820007324219 -70.28764343261719 -73.19268798828125 -60.405723571777344 
0.5039370059967041 0.0 -61.239139556884766 -70.16858673095703 -73.04981994628906 -60.262855529785156 
0.5039370059967041 0.0 -61.09626770019531 -70.02571105957031 -72.90694427490234 -60.1199836730957 
0.5039370059967041 0.0 -60.977210998535156 -69.88284301757812 -72.76407623291016 -59.97711181640625 
0.5039370059967041 0.0 -60.8343391418457 -69.76377868652344 -72.62120056152344 -59.8342399597168 
0.5039370059967041 0.0 -60.69146728515625 -69.62091064453125 -72.33546447753906 -59.71518325805664 
0.4881889820098877 0.0 -60.57240676879883 -69.47804260253906 -72.33546447753906 -59.57231140136719 
0.4881889820098877 0.0 -60.42953872680664 -69.33516693115234 -72.19258880615234 -59.429439544677734 
0.4881889820098877 0.0 -60.31047821044922 -69.19229888916016 -72.04972076416016 -59.31037902832031 
0.4881889820098877 0.0 -60.1914176940918 -69.0732421875 -71.9306640625 -59.16750717163086 
0.4881889820098877 0.0 -60.048545837402344 -68.95417785644531 -71.78778839111328 -59.0484504699707 
0.4881889820098877 0.0 -59.92948913574219 -68.83512115478516 -71.6449203491211 -58.92938995361328 
0.4881889820098877 0.0 -59.810428619384766 -68.69224548339844 -71.5258560180664 -58.78651809692383 
0.4881889820098877 0.0 -59.66755676269531 -68.57318878173828 -71.38298797607422 -58.66746139526367 
0.4881889820098877 0.0 -59.548500061035156 -68.45413208007812 -71.24011993408203 -58.54840087890625 
0.4803149700164795 0.0 -59.429439544677734 -68.33506774902344 -71.12105560302734 -58.4055290222168 
0.4803149700164795 0.0 -59.31037902832031 -68.21601104736328 -70.97818756103516 -58.28647232055664 
0.4724409580230713 0.0 -59.191322326660156 -68.0731430053711 -70.83531188964844 -58.16741180419922 
0.4724409580230713 0.0 -59.072261810302734 -67.9540786743164 -70.71625518798828 -58.024539947509766 
0.4645669162273407 0.0 -58.95320129394531 -67.83502197265625 -70.5733871459961 -57.905479431152344 
0.4488188922405243 0.0 -58.834144592285156 -67.7159652709961 -70.4543228149414 -57.81023406982422 
0.4488188922405243 0.0 -58.715084075927734 -67.5969009399414 -70.31145477294922 -57.6911735534668 
0.4409448802471161 0.0 -58.619834899902344 -67.47784423828125 -70.19239807128906 -57.57211685180664 
0.4330708682537079 0.0 -58.50077819824219 -67.3587875366211 -70.0971450805664 -57.47686767578125 
0.4330708682537079 0.0 -58.4055290222168 -67.26353454589844 -69.97808837890625 -57.38161849975586 
0.4251968562602997 0.0 -58.31028366088867 -67.16828918457031 -69.8590316772461 -57.286373138427734 
0.4251968562602997 0.0 -58.19122314453125 -67.07304382324219 -69.76377868652344 -57.191123962402344 
0.4173228442668915 0.0 -58.09597396850586 -66.97779846191406 -69.66853332519531 -57.09587860107422 
0.4251968562602997 0.0 -58.000728607177734 -66.8825454711914 -69.54947662353516 -57.00062942504883 
0.4251968562602997 0.0 -57.905479431152344 -66.78730010986328 -69.45423126220703 -56.88157272338867 
0.3779527544975281 0.0 -57.81023406982422 -66.69205474853516 -69.35897827148438 -56.78632354736328 
0.3385826647281647 0.0 -57.71498489379883 -66.59680938720703 -69.26373291015625 -56.691078186035156 
0.30708661675453186 0.0 -57.643550872802734 -66.50155639648438 -69.16848754882812 -56.595829010009766 
0.27559053897857666 0.0 -57.57211685180664 -66.43012237548828 -69.09705352783203 -56.52439498901367 
0.25196850299835205 0.0 -57.52449035644531 -66.38249969482422 -69.0256118774414 -56.45295715332031 
0.11811023950576782 0.0 -57.47686767578125 -66.33487701416016 -68.95417785644531 -56.40533447265625 
0.11811023950576782 0.0 -57.45305633544922 -66.31106567382812 -68.88274383544922 -56.333900451660156 
0.0 0.0 -57.405433654785156 -66.31106567382812 -68.83512115478516 -56.31008529663086 
0.0 0.0 -57.405433654785156 -66.31106567382812 -68.7874984741211 -56.2624626159668 
0.0 0.0 -57.38161849975586 -66.31106567382812 -68.73987579345703 -56.238651275634766 
0.0 0.0 -57.35780715942383 -66.31106567382812 -68.73987579345703 -56.214839935302734 
0.0 0.0 -57.35780715942383 -66.31106567382812 -68.716064453125 -56.214839935302734 
0.0 0.0 -57.3339958190918 -66.31106567382812 -68.716064453125 -56.214839935302734 
0.0 0.0 -57.3339958190918 -66.31106567382812 -68.716064453125 -56.214839935302734 
0.0 0.0 -57.3339958190918 -66.31106567382812 -68.716064453125 -56.1910285949707 
0.0 0.0 -57.3339958190918 -66.31106567382812 -68.716064453125 -56.1910285949707 
0.0 0.0 -57.3339958190918 -66.31106567382812 -68.716064453125 -56.1910285949707 
0.0 0.0 -57.3339958190918 -66.31106567382812 -68.716064453125 -56.1910285949707 
0.0 0.0 -57.3339958190918 -66.31106567382812 -68.716064453125 -56.1910285949707 
0.0 0.0 -57.3339958190918 -66.31106567382812 -68.716064453125 -56.1910285949707 
0.0 0.0 -57.3339958190918 -66.31106567382812 -68.716064453125 -56.1910285949707 
0.0 0.0 -57.3339958190918 -66.31106567382812 -68.716064453125 -56.1910285949707 
0.0 0.0 -57.3339958190918 -66.31106567382812 -68.716064453125 -56.1910285949707 
0.0 0.0 -57.3339958190918 -66.31106567382812 -68.716064453125 -56.1910285949707 
0.0 0.0 -57.3339958190918 -66.31106567382812 -68.716064453125 -56.1910285949707 
0.0 0.0 -57.3339958190918 -66.31106567382812 -68.716064453125 -56.1910285949707 
0.0 0.0 -57.3339958190918 -66.31106567382812 -68.716064453125 -56.1910285949707 
0.0 0.0 -57.3339958190918 -66.31106567382812 -68.716064453125 -56.1910285949707 
0.0 0.0 -57.3339958190918 -66.31106567382812 -68.716064453125 -56.1910285949707 
0.0 0.0 -57.3339958190918 -66.31106567382812 -68.716064453125 -56.1910285949707 
0.0 0.0 -57.3339958190918 -66.31106567382812 -68.716064453125 -56.1910285949707 
0.0 0.0 -57.3339958190918 -66.31106567382812 -68.716064453125 -56.1910285949707 
0.0 0.0 -57.3339958190918 -66.31106567382812 -68.716064453125 -56.1910285949707 
0.0 0.0 -57.3339958190918 -66.31106567382812 -68.716064453125 -56.1910285949707 
0.0 0.0 -57.3339958190918 -66.31106567382812 -68.716064453125 -56.1910285949707 
0.0 0.0 -57.3339958190918 -66.31106567382812 -68.716064453125 -56.1910285949707 
0.0 0.0 -57.3339958190918 -66.31106567382812 -68.716064453125 -56.1910285949707 
0.0 0.0 -57.3339958190918 -66.31106567382812 -68.716064453125 -56.1910285949707 
0.0 0.0 -57.3339958190918 -66.31106567382812 -68.716064453125 -56.1910285949707 
0.0 0.0 -57.3339958190918 -66.31106567382812 -68.716064453125 -56.1910285949707 
0.0 0.0 -57.3339958190918 -66.31106567382812 -68.716064453125 -56.1910285949707 
0.0 0.0 -57.3339958190918 -66.31106567382812 -68.716064453125 -56.1910285949707 
0.0 0.0 -57.3339958190918 -66.31106567382812 -68.716064453125 -56.1910285949707 
0.0 0.0 -57.3339958190918 -66.31106567382812 -68.716064453125 -56.1910285949707 
0.0 0.0 -57.3339958190918 -66.31106567382812 -68.716064453125 -56.1910285949707 
0.0 0.0 -57.3339958190918 -66.31106567382812 -68.716064453125 -56.1910285949707 
0.0 0.0 -57.3339958190918 -66.31106567382812 -68.716064453125 -56.1910285949707 
0.0 0.0 -57.3339958190918 -66.31106567382812 -68.716064453125 -56.1910285949707 
0.0 0.0 -57.3339958190918 -66.31106567382812 -68.716064453125 -56.1910285949707 
0.0 0.0 -57.3339958190918 -66.31106567382812 -68.716064453125 -56.1910285949707 
0.0 0.0 -57.3339958190918 -66.31106567382812 -68.716064453125 -56.1910285949707 
0.0 0.0 -57.3339958190918 -66.31106567382812 -68.716064453125 -56.1910285949707 
